-1	-0.0168476
-1	0.138701
-1	0.128912
-1	0.0717964
-1	0.0193116
-1	0.105062
-1	0.097289
-1	0.0379192
-1	-0.0066927
-1	0.00384025
-1	0.0125878
-1	-0.116213
-1	-0.101453
-1	-0.0797221
-1	0.205784
-1	-0.124465
-1	-0.061975
-1	-0.0274031
-1	-0.103927
-1	-0.0887219
-1	0.191452
-1	0.117383
-1	0.00233644
-1	-0.00235678
-1	0.16494
-1	0.0538532
-1	0.0910534
-1	0.154167
-1	0.0693903
-1	0.0491489
-1	0.176305
-1	0.0933187
-1	-0.0276676
-1	0.0887381
-1	0.194838
-1	0.199013
-1	-0.165511
-1	0.0396759
-1	-0.0129881
-1	-0.178536
-1	0.0629132
-1	0.0622663
-1	0.0977144
-1	0.0243278
-1	0.113151
-1	0.0896542
-1	-0.00390876
-1	0.227496
-1	0.141334
-1	0.175577
-1	0.0487466
-1	0.192753
-1	0.0203138
-1	-0.0304708
-1	-0.0220731
-1	-0.0450123
-1	0.035866
-1	-0.0315666
-1	0.0873137
-1	0.0435815
-1	-0.0524887
-1	-0.0139881
-1	0.0586583
-1	0.0907372
-1	-0.138323
-1	-0.151496
-1	-0.108826
-1	0.127276
-1	0.00470043
-1	0.0370544
-1	0.266266
-1	-0.0541332
-1	-0.00460475
-1	0.167084
1	0.730761
1	0.706325
1	0.709078
1	0.744772
1	0.567871
1	0.438508
1	0.719416
1	0.469384
1	0.588152
1	0.652076
1	0.596234
1	0.736399
1	0.807186
1	0.71528
1	0.686165
1	0.695494
1	0.508541
1	0.557213
1	0.641201
1	0.555316
1	0.456432
1	0.62353
1	0.567422
1	0.430146
1	0.649704
1	0.373558
1	0.373262
1	0.403136
1	0.490626
1	0.302545
1	0.638083
1	0.676899
1	0.748195
1	0.528441
1	0.6
1	0.66166
1	0.659263
1	0.445344
1	0.675659
1	0.68561
1	0.525126
1	0.662608
1	0.79235
1	0.612837
1	0.708382
1	0.743288
1	0.534568
1	0.746709
1	0.735505
1	0.422899
1	0.381607
1	0.473568
1	0.424572
1	0.636336
1	0.691307
1	0.303955
1	0.694489
1	0.492006
1	0.696354
1	0.677423
1	0.571281
1	0.468891
1	0.570762
1	0.661024
1	0.585066
1	0.756064
1	0.628258
1	0.459597
1	0.604494
1	0.486942
1	0.574218
1	0.430706
1	0.521301
1	0.605892
1	0.462612
1	0.703365
1	0.434395
1	0.395415
1	0.650257
1	0.710954
1	0.701213
1	0.573519
1	0.615947
1	0.735631
1	0.639777
1	0.566393
1	0.686094
1	0.717327
1	0.825603
1	0.562261
1	0.69777
1	0.626694
1	0.728817
1	0.706872
1	0.687291
1	0.641523
1	0.783994
1	0.655642
1	0.613742
1	0.72501
1	0.640766
1	0.760058
1	0.896715
1	0.75015
1	0.618795
1	0.761844
1	0.573696
1	0.57474
1	0.543443
1	0.618401
1	0.474086
1	0.7397
1	0.680505
1	0.6963
1	0.70294
1	0.442045
1	0.74073
1	0.728056
1	0.5338
1	0.584432
1	0.708903
1	0.662802
1	0.547941
1	0.475127
1	0.627124
1	0.527922
1	0.623704
1	0.678266
1	0.558114
1	0.534456
1	0.784173
1	0.547792
1	0.620801
1	0.594516
1	0.689366
1	0.685668
1	0.348498
1	0.636723
1	0.695187
1	0.555847
1	0.369145
1	0.795233
1	0.684974
1	0.662341
1	0.615819
1	0.624452
1	0.389067
1	0.361959
1	0.551956
1	0.456442
1	0.550252
1	0.46812
1	0.74776
1	0.75875
1	0.624436
1	0.853449
1	0.703669
1	0.655973
1	0.846234
1	0.684141
1	0.68606
1	0.550473
1	0.644741
1	0.54314
1	0.445059
1	0.520605
1	0.754736
1	0.624723
1	0.741577
1	0.599713
1	0.630736
1	0.723274
1	0.535376
1	0.344736
1	0.486795
1	0.77937
1	0.729584
1	0.380743
1	0.366844
1	0.752139
1	0.519503
1	0.700348
1	0.809802
1	0.840602
1	0.465292
1	0.519845
1	0.512967
1	0.416262
1	0.528327
1	0.706756
1	0.848958
1	0.591636
1	0.467893
1	0.76401
1	0.442023
1	0.506188
1	0.719104
1	0.762211
1	0.739133
1	0.659682
1	0.70514
1	0.581298
1	0.700884
1	0.598861
1	0.643701
1	0.570825
1	0.591784
1	0.67875
1	0.606529
1	0.680453
1	0.702019
1	0.768194
1	0.54921
1	0.66188
1	0.537656
1	0.582835
1	0.831865
1	0.514638
1	0.741599
1	0.70514
1	0.550507
1	0.692431
1	0.658989
1	0.677482
1	0.770049
1	0.81694
1	0.403911
1	0.538212
1	0.694667
1	0.368474
1	0.641229
1	0.385542
1	0.663007
1	0.75272
1	0.744893
1	0.568404
1	0.708731
1	0.689547
1	0.661261
1	0.599668
1	0.75941
1	0.454167
1	0.546688
1	0.625208
1	0.291165
1	0.719695
1	0.588026
1	0.584603
1	0.631583
1	0.644306
1	0.539308
1	0.582025
1	0.710376
1	0.746243
1	0.629739
1	0.623294
1	0.449495
1	0.571153
1	0.669319
1	0.494201
1	0.668307
1	0.454291
1	0.330892
1	0.855713
1	0.645867
1	0.740766
1	0.685331
1	0.446307
1	0.556498
1	0.541541
1	0.509167
1	0.651136
1	0.618395
1	0.629981
1	0.584339
1	0.613759
1	0.736441
1	0.643053
1	0.64478
1	0.393888
1	0.674505
1	0.405715
1	0.679162
1	0.824524
1	0.726799
1	0.449914
1	0.454054
1	0.755787
1	0.459004
1	0.709073
1	0.650248
1	0.670627
1	0.625643
1	0.676363
1	0.569152
1	0.711456
1	0.643279
1	0.692518
1	0.592632
1	0.470754
-1	0.0473079
-1	0.066712
-1	0.0463934
-1	0.0668882
-1	-0.0697259
-1	0.0563518
-1	-0.199048
-1	0.0527398
-1	0.0221307
-1	0.0548314
-1	0.123593
-1	0.0397561
-1	0.170899
-1	0.106408
-1	0.136285
-1	-0.10995
-1	-0.0968084
-1	0.166314
-1	-0.057737
-1	0.230781
-1	0.155173
-1	-0.0864137
-1	-0.018569
-1	-0.0581657
-1	0.0650176
-1	-0.0876409
-1	0.0270825
-1	0.017337
-1	-0.141868
-1	0.0195635
-1	0.0226381
-1	0.0512481
-1	0.136169
-1	0.0466275
-1	-0.0264683
-1	-0.169095
-1	0.172914
-1	-0.0877468
-1	0.0018189
-1	-0.0747819
-1	-0.0198304
-1	0.131654
-1	-0.00225365
-1	0.229747
-1	-0.192618
-1	0.0162425
-1	0.113465
-1	0.0911452
-1	0.118351
-1	0.0436701
-1	-0.0387957
-1	-0.0224436
-1	-0.016864
-1	0.0133047
-1	0.0521459
-1	-0.00375575
-1	0.157948
-1	0.0661939
-1	0.0506554
-1	-0.140479
-1	0.206084
-1	0.112819
-1	0.160507
-1	0.178681
-1	-0.061977
-1	-0.0891782
-1	-0.164865
-1	0.0338336
-1	-0.0266344
-1	0.072004
-1	0.0722858
-1	0.00675089
-1	0.00840406
-1	-0.0240176
-1	0.0943124
-1	0.11422
-1	-0.000723085
-1	0.00167816
-1	-0.0935043
-1	-0.0400249
-1	-0.0525662
-1	0.191123
-1	0.0490731
-1	-0.0718767
-1	0.122801
-1	0.0630231
-1	0.0535004
-1	0.0195534
-1	-0.0152176
-1	0.0735415
-1	0.0493906
-1	-0.112014
-1	-0.0332644
-1	-0.100312
-1	0.0264674
-1	0.0389347
-1	-0.0232254
-1	-0.00167991
-1	0.0292504
-1	0.125034
-1	0.209375
-1	-0.0781745
-1	0.129945
-1	0.0470275
-1	-0.00389462
-1	-0.024105
-1	0.0520302
-1	0.118116
-1	-0.0271437
-1	-0.0225102
-1	-0.015939
-1	0.0715521
-1	-0.112837
-1	0.136797
-1	-0.119712
-1	0.0224084
-1	0.0102621
-1	-0.0436544
-1	0.0348175
-1	0.0971077
-1	0.0128519
-1	-0.0729698
-1	-0.083667
-1	-0.212691
-1	-0.0258823
-1	0.0784983
-1	-0.0594386
-1	0.119009
-1	0.0928188
-1	-0.0524014
-1	-0.181949
-1	-0.0331059
-1	-0.0546245
-1	-0.189813
-1	-0.198093
-1	-0.121815
-1	0.070126
-1	0.00630124
-1	0.115566
-1	0.120267
-1	-0.00062943
-1	0.114396
-1	0.0958349
-1	0.109311
-1	0.104241
-1	0.111937
-1	-0.0529661
-1	-0.0392592
-1	0.0336905
-1	-0.0550926
-1	0.185118
-1	0.136572
-1	0.0338718
-1	-0.029346
-1	0.0421075
-1	-0.0322271
-1	0.0616905
-1	-0.153574
-1	-0.0217844
-1	0.0965929
-1	-0.00920342
-1	-0.0223859
-1	0.0484492
-1	-0.00426371
-1	0.0407251
-1	-0.244823
-1	0.00377278
-1	-0.0453973
-1	-0.106169
-1	-0.0127371
-1	0.158009
-1	-0.044891
-1	0.119415
-1	-0.113762
-1	0.138628
-1	-0.14135
-1	0.0257054
-1	-0.0208015
-1	-0.0164799
-1	0.128129
-1	-0.117112
-1	-0.11727
-1	-0.0643629
-1	0.0322001
-1	0.108185
-1	0.0398732
-1	0.0623405
-1	0.0176764
-1	-0.0311965
-1	0.182229
-1	0.10231
-1	-0.12586
-1	-0.0371281
-1	0.0284012
-1	-0.152218
-1	-0.0197905
-1	0.185911
-1	-0.0184689
-1	0.220717
-1	-0.0213224
-1	-0.159139
-1	0.0676585
-1	-0.00332901
-1	0.0386669
-1	-0.00164374
-1	0.054128
-1	0.102002
-1	-0.070582
-1	0.143681
-1	-0.0413752
-1	-0.00985533
-1	0.0370523
-1	-0.0384978
-1	0.0373839
-1	-0.193305
-1	0.0723991
-1	0.0675736
-1	0.069441
-1	-0.0163984
-1	-0.0159788
-1	0.12268
-1	-0.0900986
-1	0.265891
-1	-0.0586478
-1	-0.00778365
-1	0.0589302
-1	-0.01176
-1	-0.160259
-1	-0.0456974
-1	0.0411738
-1	0.0348045
-1	-0.0674915
-1	0.19147
-1	-0.102133
-1	0.219847
-1	0.0405239
-1	0.16442
-1	0.0246081
-1	-0.121451
-1	0.0441809
-1	0.0288596
-1	-0.180613
-1	-0.14693
-1	0.0321667
-1	0.166528
-1	0.043909
-1	0.0266608
-1	0.192902
-1	0.0669415
-1	0.0905951
-1	0.0217408
-1	0.167156
-1	0.0419573
-1	-0.0808273
-1	-0.040194
-1	-0.0558153
-1	0.0532635
-1	0.121297
-1	0.167096
-1	-0.0523765
-1	0.102009
-1	0.121426
-1	0.152292
-1	0.105676
-1	-0.0108893
-1	0.0139299
-1	-0.134483
-1	0.053004
-1	0.153635
-1	0.0757385
-1	-0.0490043
-1	0.0419075
-1	-0.0316895
-1	0.11644
-1	0.00611652
-1	0.101818
-1	-0.0178077
-1	0.205632
-1	-0.0607211
-1	-0.0579713
-1	0.072674
-1	0.0452537
-1	-0.108393
-1	0.133155
-1	0.0190081
-1	0.0386565
-1	-0.132124
-1	-0.0396301
-1	-0.0188193
-1	0.112777
-1	0.0733238
-1	0.105703
-1	-0.0136669
-1	0.0965581
-1	-0.0606057
-1	-0.0100695
-1	-0.0346619
-1	0.0267011
-1	-0.0944272
-1	0.0606917
1	0.5963
1	0.61214
1	0.624943
1	0.631028
1	0.643492
1	0.516648
1	0.561326
1	0.906522
1	0.577961
1	0.692869
1	0.672134
1	0.611374
1	0.654725
1	0.626586
1	0.555909
1	0.515339
1	0.486872
1	0.536107
1	0.762442
1	0.837899
1	0.831603
1	0.543531
1	0.566483
1	0.457644
1	0.819321
1	0.710826
1	0.681337
1	0.39937
1	0.250375
1	0.13637
1	0.320696
1	0.624515
1	0.700205
1	0.114844
1	0.219333
1	0.404081
1	0.529951
1	0.623803
1	0.610428
1	0.679666
1	0.645102
1	0.741223
1	0.675216
1	0.842508
1	0.741884
1	0.288162
1	0.606776
1	0.551785
1	0.612526
1	0.781596
1	0.653624
1	0.714372
1	0.772607
1	0.722366
1	0.300475
1	0.493058
1	0.649018
1	0.640632
1	0.772732
1	0.607654
1	0.624322
1	0.664679
1	0.687945
1	0.648931
1	0.502439
1	0.659967
1	0.551638
1	0.168568
1	0.252795
1	0.24186
1	0.294934
1	0.38691
1	0.547431
1	0.551197
1	0.467267
1	0.428352
1	0.679133
1	0.542594
1	0.526789
1	0.699547
1	0.772092
1	0.820044
1	0.708537
1	0.674346
1	0.705968
1	0.647638
1	0.689434
1	0.638309
1	0.676429
1	0.568379
1	0.487512
1	0.720457
1	0.71315
1	0.718811
1	0.675308
1	0.572177
1	0.56126
1	0.558522
1	0.638825
1	0.404596
1	0.814265
1	0.492051
1	0.814225
1	0.679409
1	0.663894
1	0.589493
1	0.669569
1	0.365727
1	0.694005
1	0.660617
1	0.411474
1	0.484956
1	0.755457
1	0.628568
1	0.742483
1	0.761005
1	0.673146
1	0.836051
1	0.767238
1	0.784055
1	0.734259
1	0.698702
1	0.706012
1	0.783003
1	0.514619
1	0.444729
1	0.57468
1	0.574006
1	0.491414
1	0.373921
1	0.65775
1	0.496621
1	0.762985
1	0.712179
1	0.74146
1	0.53402
1	0.39429
1	0.715388
1	0.584666
1	0.775152
1	0.458511
1	0.48799
1	0.276039
1	0.35559
1	0.374357
1	0.510803
1	0.448948
1	0.844435
1	0.73544
1	0.679688
1	0.597814
1	0.727369
1	0.441753
1	0.43266
1	0.725026
1	0.568733
1	0.691957
1	0.763795
1	0.32312
1	0.749619
1	0.592783
1	0.72877
1	0.641679
1	0.932061
1	0.666198
1	0.675587
1	0.639469
1	0.782247
1	0.749443
1	0.833481
1	0.517217
1	0.625912
1	0.51085
1	0.663842
1	0.691072
1	0.722259
1	0.758689
1	0.768918
1	0.560248
1	0.497241
1	0.78728
1	0.61361
1	0.777075
1	0.562008
1	0.745623
1	0.736752
1	0.800795
1	0.688666
1	0.523263
1	0.509113
1	0.721291
1	0.640165
1	0.59214
1	0.517936
1	0.610578
1	0.39136
1	0.739849
1	0.619994
1	0.607803
1	0.673606
1	0.635782
1	0.648077
1	0.55353
1	0.418229
1	0.762322
1	0.551613
1	0.493446
1	0.708914
1	0.722901
1	0.63904
1	0.414024
1	0.52092
1	0.727987
1	0.33685
1	0.790731
1	0.788766
1	0.501569
1	0.421949
1	0.730395
1	0.49931
1	0.431899
1	0.59424
1	0.704816
1	0.684419
1	0.702188
1	0.644834
1	0.558319
1	0.639471
1	0.701412
1	0.748681
1	0.552859
1	0.541625
1	0.576472
1	0.670646
1	0.48145
1	0.809009
1	0.650606
1	0.677913
1	0.339552
1	0.907451
1	0.58845
1	0.576238
1	0.585679
1	0.599539
1	0.57814
1	0.694369
1	0.640668
1	0.458089
1	0.341601
1	0.596591
1	0.602495
1	0.495383
1	0.660707
1	0.56647
1	0.798826
1	0.738994
1	0.493333
1	0.908408
1	0.71281
1	0.596418
1	0.858429
1	0.35255
1	0.65494
1	0.583421
1	0.444859
1	0.220709
1	0.587519
1	0.390237
1	0.545598
1	0.747151
1	0.740967
1	0.676256
1	0.767273
1	0.274212
1	0.670068
1	0.716536
1	0.744829
1	0.715923
1	0.568548
1	0.699881
1	0.463134
1	0.640755
1	0.63749
1	0.577644
1	0.462936
1	0.661339
1	0.539283
1	0.67073
1	0.709876
1	0.646209
1	0.675952
1	0.678136
1	0.513351
1	0.74667
1	0.632558
1	0.639731
1	0.792267
1	0.651447
1	0.575984
1	0.562479
-1	-0.0011441
-1	-0.0693922
-1	-0.173243
-1	0.087063
-1	0.0972505
-1	0.0510372
-1	0.011745
-1	-0.0156865
-1	-0.0700132
-1	0.0367015
-1	-0.0805532
-1	-0.0432762
-1	0.0974217
-1	-0.0780993
-1	-0.0152582
-1	0.168511
-1	0.0155519
-1	0.0219625
-1	0.0914366
-1	0.0390321
-1	0.0437253
-1	-0.0103209
-1	-0.0273995
-1	-0.0382908
-1	-0.0767854
-1	-0.118238
-1	0.131557
-1	0.131472
-1	-0.0656716
-1	0.163448
-1	-0.112767
-1	-0.00254501
-1	0.00238116
-1	0.0572649
-1	-0.152217
-1	0.0867628
-1	-0.0144188
-1	0.113936
-1	-0.122805
-1	-0.124375
-1	0.0682214
-1	0.153262
-1	0.106643
-1	0.0166656
-1	0.0304725
-1	0.0398953
-1	-0.0389978
-1	0.152842
-1	0.02511
-1	-0.0611124
-1	-0.311569
-1	-0.0268618
-1	0.0736343
-1	0.204041
-1	0.0952494
-1	0.0432899
-1	-0.0670112
-1	-0.10788
-1	-0.0474296
-1	-0.173998
-1	-0.0100362
-1	0.203361
-1	0.0788113
-1	0.0572903
-1	-0.0790902
-1	0.227692
-1	-0.114588
-1	0.153925
-1	0.0472222
-1	-0.047721
-1	-0.0368157
-1	-0.0790759
-1	0.134739
-1	0.175357
-1	-0.0969113
-1	0.0225901
-1	0.181492
-1	0.00741458
-1	0.106379
-1	0.075395
-1	-0.0816705
-1	-0.0828741
-1	0.105974
-1	-0.0215477
-1	-0.173032
-1	0.0132872
-1	0.102692
-1	0.000220392
-1	0.119637
-1	0.074204
-1	0.103435
-1	0.118116
-1	0.0416458
-1	0.114164
-1	0.0956039
-1	0.0658326
-1	0.113063
-1	-0.000706497
-1	0.0341316
-1	0.00819985
-1	-0.0155719
-1	-0.0780835
-1	0.290271
-1	0.125752
-1	0.121937
-1	0.000866181
-1	-0.0931269
-1	0.180903
-1	-0.0874589
-1	0.138347
-1	-0.0968265
-1	-0.0342414
-1	-0.110909
-1	-0.0852906
-1	0.0884987
-1	0.0326376
-1	0.0857431
-1	0.0109925
-1	0.148855
-1	0.307153
-1	0.0282194
-1	0.0773247
-1	-0.011099
-1	0.144795
-1	0.185079
-1	-0.0689812
-1	0.033545
-1	0.0600241
-1	0.0541276
-1	-0.168674
-1	0.188236
-1	0.178334
-1	0.174727
-1	0.0720138
-1	0.014108
-1	-0.178611
-1	0.0959729
-1	-0.0756818
-1	-0.0984052
-1	0.112702
-1	-0.187247
-1	-0.307264
-1	0.218185
-1	-0.101614
-1	0.0922353
-1	-0.00355989
-1	-0.0342655
-1	0.0762004
-1	0.0711452
-1	-0.0533576
-1	0.0661742
-1	0.109346
-1	0.052133
-1	-0.10145
-1	-0.00118716
-1	-0.0661113
-1	-0.00728502
-1	-0.050032
-1	-0.057303
-1	0.0734221
-1	0.186512
-1	0.0564957
-1	-0.0685211
-1	-0.0461784
-1	0.124131
-1	0.0059874
-1	0.150457
-1	-0.102653
-1	0.0679312
-1	0.114281
-1	0.0675332
-1	-0.0691671
-1	0.0115491
-1	-0.0467318
-1	0.0197717
-1	0.071291
-1	-0.0312915
-1	-0.0836992
-1	0.0395128
-1	-0.130298
-1	-0.0306471
-1	-0.104983
-1	0.0402024
-1	0.0463564
-1	0.0144605
-1	-0.0694269
-1	0.0881154
-1	0.0366701
-1	0.0721029
-1	0.0961452
-1	0.121522
-1	-0.0507725
-1	-0.121985
-1	0.236046
-1	0.0282012
-1	0.0568432
-1	0.36382
-1	-0.00164459
-1	-0.00794352
-1	0.0787499
-1	0.116162
-1	-0.0507936
-1	0.16174
-1	0.0439338
-1	0.0132523
-1	0.0668588
-1	0.164977
-1	0.106067
-1	-0.163096
-1	0.0908453
-1	0.113334
-1	0.00791992
-1	-0.125529
-1	0.0497939
-1	-0.0996615
-1	0.0844693
-1	-0.0744894
-1	-0.111286
-1	-0.0125371
-1	-0.0756405
-1	0.056815
-1	0.069815
-1	-0.0929333
-1	-0.0985022
-1	0.129035
-1	-0.0606883
-1	0.099602
-1	0.000566369
-1	-0.0646547
-1	-0.032556
-1	-0.0527795
-1	-0.111087
-1	-0.0566452
-1	-0.021874
-1	-0.0214414
-1	-0.0907323
-1	-0.0451299
-1	-0.0901741
-1	0.0105211
-1	-0.162503
-1	-0.0540676
-1	0.125199
-1	0.120949
-1	0.0873596
-1	0.162695
-1	0.200096
-1	0.0502243
-1	0.0033511
-1	-0.0197488
-1	-0.0359849
-1	0.120132
-1	-0.0656023
-1	0.0524519
-1	0.181997
-1	0.266529
-1	0.115001
-1	-0.0986476
-1	-0.00770444
-1	0.109927
-1	-0.0758072
-1	0.130323
-1	0.0667335
-1	0.0888082
-1	0.13198
-1	0.212151
-1	0.16161
-1	0.224411
-1	-0.0407836
-1	0.0389489
-1	0.0643119
-1	0.0768506
-1	0.123268
-1	-0.133672
-1	-0.0248558
-1	-0.0641637
-1	-0.0213559
-1	0.0118311
-1	0.125674
-1	0.193163
-1	-0.0319811
-1	0.0676836
-1	-0.0581169
-1	0.161429
-1	0.0936981
-1	0.0447246
-1	-0.108284
-1	-0.0906482
-1	0.10352
-1	0.108747
-1	0.0782236
-1	0.0229315
-1	0.159689
-1	-0.115545
-1	-0.0834504
-1	0.214414
-1	0.159625
-1	0.0433927
-1	-0.00516324
-1	0.0439601
-1	0.037699
1	0.620972
1	0.458537
1	0.515239
1	0.686208
1	0.485683
1	0.592947
1	0.613497
1	0.639559
1	0.566642
1	0.664614
1	0.586054
1	0.694429
1	0.286612
1	0.385576
1	0.51054
1	0.390804
1	0.748455
1	0.698661
1	0.430969
1	0.497673
1	0.382426
1	0.395553
1	0.609124
1	0.603136
1	0.783921
1	0.643075
1	0.631319
1	0.553077
1	0.537942
1	0.57783
1	0.535469
1	0.509522
1	0.47426
1	0.257823
1	0.552939
1	0.644032
1	0.816772
1	0.804091
1	0.530537
1	0.697031
1	0.715179
1	0.769749
1	0.61018
1	0.0983397
1	0.783843
1	0.35556
1	0.500246
1	0.872595
1	0.559077
1	0.50095
1	0.618994
1	0.160129
1	0.712854
1	0.159893
1	0.635353
1	0.599717
1	0.690805
1	0.587466
1	0.673646
1	0.680498
1	0.772683
1	0.0160721
1	0.697252
1	0.596471
1	0.569782
1	0.590869
1	0.652062
1	0.452046
1	0.663574
1	0.549458
1	0.656818
1	0.438898
1	0.624074
1	0.301822
1	0.622539
1	0.603203
1	0.683783
1	0.449758
1	0.48297
1	0.380417
1	0.576655
1	0.525721
1	0.520826
1	0.444507
1	0.707202
1	0.747732
1	0.649545
1	0.480418
1	0.873754
1	0.895932
1	0.906014
1	0.751763
1	0.71676
1	0.859074
1	0.387426
1	0.735563
1	0.580467
1	0.640694
1	0.550369
1	0.529115
1	0.450474
1	0.873187
1	0.732876
1	0.513293
1	0.891396
1	0.591477
1	0.567799
1	0.496045
1	0.754053
1	0.627213
1	0.632549
1	0.57786
1	0.589791
1	0.652436
1	0.669824
1	0.796597
1	0.819402
1	0.423345
1	0.302515
1	0.237636
1	0.737113
1	0.805853
1	0.460902
1	0.663771
1	0.695205
1	0.509093
1	0.717315
1	0.622432
1	0.443647
1	0.518951
1	0.687888
1	0.393778
1	0.426512
1	0.52035
1	0.787485
1	0.752414
1	0.533049
1	0.57606
1	0.598088
1	0.777307
1	0.608762
1	0.652999
1	0.778383
1	0.498381
1	0.348255
1	0.682062
1	0.69742
1	0.443998
1	0.49168
1	0.47215
1	0.458594
1	0.595084
1	0.641697
1	0.63866
1	0.754898
1	0.746524
1	0.663021
1	0.41136
1	0.699573
1	0.527664
1	0.646189
1	0.763082
1	0.541309
1	0.692249
1	0.487522
1	0.453006
1	0.644911
1	0.593001
1	0.549068
1	0.465473
1	0.610976
1	0.611145
1	0.680345
1	0.607961
1	0.589471
1	0.57881
1	0.551821
1	0.612934
1	0.336458
1	0.508979
1	0.362775
1	0.566984
1	0.81996
1	0.861046
1	0.764177
1	0.70531
1	0.646285
1	0.717502
1	0.626572
1	0.645329
1	0.363789
1	0.498974
1	0.780889
1	0.706632
1	0.754647
1	0.510264
1	0.419663
1	0.837612
1	0.711324
1	0.736721
1	0.635557
1	0.923976
1	0.734075
1	0.760973
1	0.450293
1	0.54483
1	0.242439
1	0.121734
1	0.453799
1	0.202495
1	0.918351
1	0.503863
1	0.544583
1	0.722422
1	0.732325
1	0.509934
1	0.455143
1	0.592925
1	0.590714
1	0.577997
1	0.61169
1	0.68159
1	0.724023
1	0.708434
1	0.484583
1	0.657574
1	0.483347
1	0.573959
1	0.62964
1	0.801904
1	0.663303
1	0.660553
1	0.957067
1	0.632412
1	0.758276
1	0.662264
1	0.593908
1	0.659546
1	0.568872
1	0.533453
1	0.420757
1	0.549848
1	0.355297
1	0.470575
1	0.453728
1	0.639962
1	0.605714
1	0.566005
1	0.431315
1	0.615532
1	0.577001
1	0.384298
1	0.491635
1	0.722372
1	0.370603
1	0.329075
1	0.463686
1	0.451625
1	0.622742
1	0.653861
1	0.650858
1	0.538882
1	0.914706
1	0.646539
1	0.627889
1	0.554129
1	0.759231
1	0.381197
1	0.751556
1	0.545466
1	0.624583
1	0.692239
1	0.474716
1	0.665196
1	0.560001
1	0.527942
1	0.605152
1	0.709403
1	0.688545
1	0.732924
1	0.404138
1	0.240834
1	0.476282
1	0.675896
1	0.718932
1	0.812342
1	0.679325
1	0.672503
1	0.274955
1	0.676572
1	0.755194
1	0.871738
1	0.650112
1	0.547902
1	0.803875
1	0.536588
1	0.626827
1	0.641113
1	0.725559
1	0.652193
-1	0.163011
-1	0.123654
-1	-0.134633
-1	0.161178
-1	0.216233
-1	0.101986
-1	-0.0342075
-1	0.119253
-1	-0.043363
-1	0.0461486
-1	0.133057
-1	-0.03344
-1	-0.110926
-1	-0.0878364
-1	0.0755213
-1	-0.147721
-1	0.141991
-1	0.0502556
-1	0.164409
-1	0.246549
-1	0.0684056
-1	-0.0890771
-1	0.0314095
-1	0.0561608
-1	-0.0462148
-1	-0.0829171
-1	-0.00318162
-1	0.104653
-1	0.0809565
-1	-0.0427597
-1	0.0253313
-1	0.0237765
-1	-0.0632703
-1	0.013472
-1	0.189552
-1	-0.126149
-1	0.0621549
-1	0.111687
-1	0.0356745
-1	-0.0544127
-1	-0.184002
-1	0.0984735
-1	-0.0540287
-1	-0.0133192
-1	-0.0230331
-1	-0.0462066
-1	0.0420326
-1	-0.141762
-1	-0.0568079
-1	0.0654678
-1	-0.0658157
-1	0.112772
-1	0.0666156
-1	0.0375499
-1	0.0914712
-1	-0.0111717
-1	0.132439
-1	0.0819038
-1	0.137229
-1	0.0131221
-1	-0.00404867
-1	-0.0127521
-1	-0.0613127
-1	0.209163
-1	0.133728
-1	0.110504
-1	0.0460116
-1	-0.155924
-1	0.00746559
-1	0.0874016
-1	0.141431
-1	0.033646
-1	-0.1081
-1	0.113895
-1	0.198386
-1	0.160558
-1	0.0658367
-1	-0.0329495
-1	0.119652
-1	-0.0106848
-1	-0.0123379
-1	0.00838006
-1	-0.0520004
-1	0.153271
-1	-0.0358489
-1	0.0329902
-1	0.0609916
-1	-0.0448513
-1	0.276659
-1	-0.018276
-1	-0.237356
-1	0.028621
-1	0.0388291
-1	-0.0585562
-1	0.0349269
-1	-0.0852472
-1	0.0384835
-1	0.0543039
-1	-0.117954
-1	-0.0453444
-1	0.0357585
-1	0.0830761
-1	0.0946657
-1	0.0237052
-1	0.0272399
-1	0.147962
-1	0.0651743
-1	-0.0381461
-1	-0.0173924
-1	-0.0445943
-1	0.00778839
-1	0.0445963
-1	-0.0779954
-1	-0.021162
-1	0.00461247
-1	-0.0778905
-1	-0.0134086
-1	0.138195
-1	0.140651
-1	-0.0424925
-1	0.0145476
-1	0.0199204
-1	-0.0256393
-1	-0.142934
-1	0.225434
-1	0.0731012
-1	-0.0271162
-1	0.10434
-1	0.0535252
-1	0.160091
-1	0.0381663
-1	0.0326854
-1	0.085411
-1	0.0574135
-1	-0.0829841
-1	-0.0105883
-1	0.00758836
-1	-0.122691
-1	0.0801575
-1	0.243288
-1	0.0416895
-1	0.0704454
-1	-0.039352
-1	-0.0419395
-1	-0.106718
-1	0.0721285
-1	-0.119791
-1	0.057253
-1	0.075994
-1	0.151846
-1	-0.117909
-1	0.0245032
-1	-0.0771878
-1	0.0320637
-1	0.0724157
-1	-0.0725048
-1	0.0578054
-1	0.0344658
-1	-0.0322322
-1	-0.0635019
-1	-0.00693281
-1	0.171277
-1	0.0183661
-1	-0.123554
-1	0.059607
-1	0.0253713
-1	-0.0259248
-1	-0.0160475
-1	-0.0775146
-1	-0.0259695
-1	0.0969402
-1	0.00872145
-1	0.228221
-1	0.0351616
-1	-0.113398
-1	-0.148963
-1	-0.0671486
-1	-0.0228871
-1	0.105045
-1	-0.0791116
-1	-0.106392
-1	-0.0102083
-1	0.205676
-1	0.0354285
-1	0.0381898
-1	0.0851295
-1	-0.0899896
-1	-0.139813
-1	0.00580402
-1	0.0478821
-1	-0.0481833
-1	-0.0351451
-1	-0.0541847
-1	0.072334
-1	-0.0139716
-1	-0.18236
-1	0.107772
-1	0.0635247
-1	0.154675
-1	0.0305934
-1	0.0298374
-1	0.027396
-1	0.0749691
-1	-0.175461
-1	0.145013
-1	0.0422536
-1	0.0508052
-1	0.0802183
-1	0.04926
-1	-0.137235
-1	-0.016611
-1	-0.128882
-1	0.0254817
-1	0.0291534
-1	-0.122795
-1	-0.0542479
-1	-0.00280232
-1	0.0651272
-1	-0.0572557
-1	0.0576182
-1	0.0492647
-1	0.146153
-1	0.0518427
-1	-0.0358547
-1	0.15729
-1	0.053811
-1	0.0709465
-1	0.0501735
-1	-0.13973
-1	0.100253
-1	-0.112667
-1	0.00941755
-1	0.296653
-1	-0.152123
-1	-0.0616805
-1	-0.00215677
-1	-0.136633
-1	0.179765
-1	-0.0159975
-1	0.00778995
-1	0.0397366
-1	0.0459586
-1	-0.112281
-1	-0.0252452
-1	0.0785242
-1	-0.00119322
-1	-0.0226838
-1	-0.0601741
-1	0.0478297
-1	0.0668792
-1	0.0607869
-1	-0.0962204
-1	-0.0568908
-1	-0.0519278
-1	0.0518719
-1	0.0645348
-1	-0.0700712
-1	0.124026
-1	-0.0306141
-1	0.24345
-1	0.158114
-1	0.104078
-1	0.091879
-1	-0.0693464
-1	0.00512696
-1	0.10388
-1	0.0535307
-1	-0.0326444
-1	-0.0335219
-1	0.038908
-1	0.0411003
-1	0.0455866
-1	0.132148
-1	0.0511987
-1	0.020298
-1	-0.100968
-1	-0.0914884
-1	0.0625827
-1	0.0214342
-1	0.0934987
-1	0.0453246
-1	0.00421278
-1	0.0172032
-1	0.127237
-1	0.00707857
-1	0.0713024
-1	0.0909983
-1	-0.0182257
-1	-0.0165164
-1	0.0761474
-1	0.0384263
-1	0.0282423
-1	0.0633616
-1	-0.0548434
-1	0.0609147
-1	0.0272841
-1	-0.00659243
-1	-0.047505
-1	0.0389843
-1	-0.0377272
1	0.610118
1	0.625974
1	0.611111
1	0.73026
1	0.552434
1	0.549185
1	0.570824
1	0.630177
1	0.689655
1	0.565996
1	0.559637
1	0.568417
1	0.673602
1	0.75978
1	0.442253
1	0.625028
1	0.653841
1	0.436127
1	0.626076
1	0.618175
1	0.578089
1	0.816168
1	0.600102
1	0.589636
1	0.500507
1	0.522929
1	0.435465
1	0.421576
1	0.52862
1	0.701693
1	0.661844
1	0.637934
1	0.622431
1	0.19354
1	0.344041
1	0.842861
1	0.452013
1	0.213681
1	0.416962
1	0.623166
1	0.641213
1	0.606179
1	0.656504
1	0.555336
1	0.618353
1	0.611941
1	0.610606
1	0.69522
1	0.698378
1	0.669003
1	0.83292
1	0.559533
1	0.503183
1	0.746048
1	0.684828
1	0.660012
1	0.554883
1	0.815446
1	0.751272
1	0.573425
1	0.677319
1	0.553908
1	0.723812
1	0.442184
1	0.333428
1	0.620537
1	0.869399
1	0.503386
1	0.543066
1	0.601664
1	0.741763
1	0.62481
1	0.672373
1	0.693016
1	0.833384
1	0.565774
1	0.534142
1	0.632219
1	0.603562
1	0.693377
1	0.796255
1	0.550411
1	0.67656
1	0.367242
1	0.410836
1	0.549647
1	0.514293
1	0.546055
1	0.673713
1	0.592827
1	0.569183
1	0.467404
1	0.391438
1	0.572603
1	0.856192
1	0.52191
1	0.494064
1	0.458043
1	0.0724845
1	0.565759
1	0.57294
1	0.609747
1	0.509771
1	0.571883
1	0.383909
1	0.381136
1	0.589482
1	0.413923
1	0.531114
1	0.632848
1	0.599572
1	0.642331
1	0.707811
1	0.640849
1	0.81449
1	0.588223
1	0.680181
1	0.730907
1	0.682752
1	0.66144
1	0.451811
1	0.239474
1	0.46614
1	0.563063
1	0.732719
1	0.716767
1	0.752206
1	0.766967
1	0.732073
1	0.832749
1	0.892968
1	0.796025
1	0.780618
1	0.544424
1	0.582777
1	0.626116
1	0.577522
1	0.612438
1	0.476427
1	0.582113
1	0.738607
1	0.487924
1	0.473469
1	0.654157
1	0.538561
1	0.513041
1	0.603247
1	0.666073
1	0.768405
1	0.667358
1	0.119396
1	0.193592
1	0.428048
1	0.619942
1	0.703872
1	0.556404
1	0.641964
1	0.654771
1	0.507498
1	0.639745
1	0.649318
1	0.799688
1	0.614665
1	0.684823
1	0.475236
1	0.588602
1	0.655121
1	0.705194
1	0.729831
1	0.734271
1	0.758629
1	0.816548
1	0.780393
1	0.575299
1	0.704575
1	0.607601
1	0.657571
1	0.729407
1	0.722292
1	0.756062
1	0.65813
1	0.578449
1	0.486724
1	0.167586
1	0.476385
1	0.649958
1	0.609774
1	0.384788
1	0.714305
1	0.645568
1	0.44824
1	0.637758
1	0.727538
1	0.49502
1	0.435275
1	0.583837
1	0.595151
1	0.527529
1	0.599587
1	0.419138
1	0.471671
1	0.592925
1	0.679166
1	0.679094
1	0.746024
1	0.645609
1	0.42325
1	0.682569
1	0.683567
1	0.184846
1	0.895879
1	0.853429
1	0.692636
1	0.80979
1	0.616126
1	0.479143
1	0.386939
1	0.577275
1	0.552515
1	0.778758
1	0.757908
1	0.731022
1	0.68006
1	0.464665
1	0.727597
1	0.472275
1	0.719717
1	0.464358
1	0.313362
1	0.725188
1	0.433577
1	0.667386
1	0.699936
1	0.769098
1	0.516117
1	0.726903
1	0.683416
1	0.738166
1	0.673589
1	0.659718
1	0.655371
1	0.584368
1	0.735752
1	0.699376
1	0.428463
1	0.652732
1	0.679284
1	0.511105
1	0.582083
1	0.28489
1	0.489674
1	0.773657
1	0.502022
1	0.660127
1	0.594386
1	0.68559
1	0.665109
1	0.661435
1	0.456674
1	0.399088
1	0.601234
1	0.239634
1	0.633697
1	0.800209
1	0.76629
1	0.613062
1	0.545026
1	0.64303
1	0.668102
1	0.40213
1	0.477083
1	0.651254
1	0.43252
1	0.209207
1	0.503213
1	0.388082
1	0.355533
1	0.431564
1	0.678167
1	0.741751
1	0.598185
1	0.873782
1	0.819303
1	0.549375
1	0.629937
1	0.633233
1	0.697807
1	0.810976
1	0.766478
1	0.669183
1	0.628415
1	0.630179
1	0.616215
1	0.766764
1	0.78611
1	0.796507
1	0.466655
1	0.599353
1	0.180338
1	0.693308
-1	-0.0957995
-1	0.0240376
-1	0.0755502
-1	0.0839108
-1	0.0680256
-1	-0.0812099
-1	0.127135
-1	0.139768
-1	0.067283
-1	0.140798
-1	0.209357
-1	0.194041
-1	-0.0858228
-1	-0.0369132
-1	0.0807699
-1	0.0703245
-1	0.221293
-1	0.0557639
-1	0.148555
-1	0.115165
-1	0.0977478
-1	-0.0324859
-1	-0.115831
-1	0.0130696
-1	-0.0225101
-1	0.0699131
-1	0.0460559
-1	0.111776
-1	0.14886
-1	-0.0202575
-1	0.0259949
-1	0.017046
-1	0.0240263
-1	-0.00911757
-1	-0.0990498
-1	-0.105856
-1	0.0555514
-1	0.104859
-1	0.170391
-1	0.0905211
-1	0.115571
-1	0.0391947
-1	-0.095232
-1	0.0714176
-1	-0.00999228
-1	-0.166401
-1	0.376221
-1	0.102117
-1	0.13895
-1	-0.00113653
-1	0.0705998
-1	-0.0792906
-1	0.0186416
-1	-0.0183395
-1	0.112924
-1	0.114641
-1	0.190322
-1	0.0151955
-1	0.286521
-1	0.144066
-1	0.0711138
-1	0.193931
-1	0.103764
-1	-0.142296
-1	-0.00040398
-1	-0.0712532
-1	0.0371565
-1	0.11348
-1	0.0895948
-1	-0.0473222
-1	0.110204
-1	0.0684649
-1	0.232903
-1	0.22258
-1	0.129062
-1	-0.110911
-1	0.237768
-1	0.0572884
-1	0.226665
-1	0.114116
-1	0.0904632
-1	-0.0485511
-1	-0.126174
-1	0.143017
-1	-0.00920069
-1	-0.00758055
-1	0.0434165
-1	-0.0128488
-1	-0.000748857
-1	0.0396978
-1	-0.0286765
-1	0.132267
-1	0.169026
-1	0.0119557
-1	-0.0582348
-1	-0.0449277
-1	0.175208
-1	0.11506
-1	-0.0309388
-1	-0.058747
-1	-0.11035
-1	-0.0587099
-1	-0.0101131
-1	0.05337
-1	-0.0182645
-1	0.0773915
-1	0.158285
-1	0.0814932
-1	-0.204834
-1	0.121454
-1	-0.119613
-1	-0.0394577
-1	-0.109371
-1	-0.165863
-1	0.0425697
-1	0.23629
-1	0.160849
-1	-0.0318112
-1	-0.0563612
-1	0.121196
-1	0.124691
-1	0.0322668
-1	0.0784756
-1	0.177757
-1	0.0657331
-1	0.0219887
-1	-0.0561832
-1	-0.0560546
-1	-0.0519414
-1	0.0003997
-1	0.134056
-1	-0.131092
-1	-0.083388
-1	0.00211754
-1	0.166818
-1	0.0892297
-1	0.03225
-1	-0.00199574
-1	0.123847
-1	0.108581
-1	-0.229028
-1	0.0758882
-1	0.156368
-1	0.0195253
-1	0.215608
-1	0.0870455
-1	-0.0401912
-1	0.0124299
-1	0.194503
-1	-0.0847949
-1	0.0448732
-1	0.0504179
-1	-0.0896572
-1	-0.106156
-1	0.208092
-1	-0.0179815
-1	0.0135547
-1	-0.00916015
-1	0.25111
-1	-0.0310481
-1	0.0992503
-1	-0.0761418
-1	0.0549909
-1	-0.0546853
-1	0.0920489
-1	0.0135573
-1	0.199424
-1	0.152734
-1	0.0024611
-1	0.0915116
-1	0.0492864
-1	0.174282
-1	-0.0242181
-1	0.233386
-1	0.0237154
-1	-0.0748806
-1	0.0137894
-1	0.098963
-1	0.016225
-1	0.118676
-1	-0.0329329
-1	-0.0105867
-1	-0.0273851
-1	-0.113915
-1	0.0951223
-1	0.0159848
-1	-0.0261085
-1	0.00599267
-1	0.134219
-1	0.0411077
-1	0.0891993
-1	-0.123577
-1	0.0324106
-1	0.140712
-1	0.101442
-1	0.202882
-1	0.0588899
-1	-0.0745892
-1	0.194169
-1	0.0224543
-1	-0.0898569
-1	-0.0280686
-1	-0.0541797
-1	-0.0190046
-1	-0.0221901
-1	0.066951
-1	0.0344047
-1	-0.0631289
-1	-0.022924
-1	-0.000304102
-1	0.0708949
-1	-0.0316786
-1	0.0957163
-1	-0.0492729
-1	0.0516186
-1	-0.144588
-1	-0.0643044
-1	0.078519
-1	-0.0753404
-1	0.153271
-1	0.0342588
-1	0.20956
-1	-0.112898
-1	-0.0376975
-1	0.0575386
-1	0.028759
-1	0.0245179
-1	-0.0846918
-1	0.0372218
-1	0.0103533
-1	-0.199371
-1	-0.0154714
-1	-0.168287
-1	0.0382859
-1	-0.0604826
-1	0.248631
-1	0.0555612
-1	0.193262
-1	-0.0981817
-1	-0.112113
-1	0.0507865
-1	-0.000867024
-1	0.011902
-1	-0.0134308
-1	0.0623857
-1	0.00993659
-1	0.226442
-1	0.136595
-1	-0.000547154
-1	-0.00493418
-1	0.116255
-1	-0.0375369
-1	0.0125745
-1	-0.0224023
-1	0.0849011
-1	0.16893
-1	0.116651
-1	-0.0563644
-1	0.112414
-1	0.0602348
-1	0.0206658
-1	0.188517
-1	0.124318
-1	0.0952891
-1	0.106523
-1	0.0314402
-1	-0.176032
-1	0.118996
-1	0.0270233
-1	-0.139871
-1	-0.167502
-1	-0.00450025
-1	0.0530731
-1	0.0776471
-1	0.154632
-1	-0.0559092
-1	0.225042
-1	0.0905995
-1	-0.0793197
-1	-0.00454148
-1	-0.0563964
-1	0.176528
-1	0.0298987
-1	0.0905059
-1	0.0838554
-1	0.0421626
-1	0.0684396
-1	0.0632177
-1	-0.0220892
-1	0.0555066
-1	0.025674
-1	0.0534483
-1	0.029178
-1	0.192457
-1	0.0772139
-1	-0.0917677
-1	0.192045
-1	-0.127008
-1	0.0351593
-1	-0.116186
1	0.427123
1	0.6122
1	0.53644
1	0.736354
1	0.682249
1	0.806574
1	0.663744
1	0.61634
1	0.552061
1	0.597088
1	0.519041
1	0.568108
1	0.523498
1	0.446096
1	0.789296
1	0.387144
1	0.52287
1	0.466993
1	0.812705
1	0.762029
1	0.424794
1	0.572268
1	0.873973
1	0.504454
1	0.619079
1	0.347879
1	0.691609
1	0.513931
1	0.419162
1	0.749777
1	0.437632
1	0.589009
1	0.763146
1	0.725259
1	0.688971
1	0.607422
1	0.674804
1	0.548183
1	0.632412
1	0.64493
1	0.658904
1	0.639097
1	0.800657
1	0.749953
1	0.654829
1	0.577129
1	0.7559
1	0.476586
1	0.597472
1	0.674699
1	0.851478
1	0.688668
1	0.772998
1	0.703001
1	0.540339
1	0.644191
1	0.708952
1	0.526548
1	0.521379
1	0.598702
1	0.530709
1	0.630973
1	0.474099
1	0.60355
1	0.564887
1	0.645612
1	0.695077
1	0.641342
1	0.332446
1	0.638934
1	0.500327
1	0.412273
1	0.621051
1	0.64469
1	0.574616
1	0.579209
1	0.701324
1	0.511311
1	0.765773
1	0.77733
1	0.73932
1	0.228873
1	0.425491
1	0.593509
1	0.645406
1	0.588167
1	0.597154
1	0.822697
1	0.868552
1	0.72043
1	0.688907
1	0.612223
1	0.700141
1	0.532878
1	0.580564
1	0.815946
1	0.689608
1	0.51322
1	0.531665
1	0.688696
1	0.690937
1	0.471511
1	0.48607
1	0.607471
1	0.526023
1	0.439942
1	0.519737
1	0.654946
1	0.673661
1	0.581157
1	0.730931
1	0.62531
1	0.476031
1	0.570375
1	0.652335
1	0.543929
1	0.815235
1	0.653694
1	0.552612
1	0.554581
1	0.580722
1	0.55044
1	0.689713
1	0.773881
1	0.740486
1	0.76299
1	0.624114
1	0.680408
1	0.567768
1	0.793527
1	0.668688
1	0.785393
1	0.553988
1	0.797891
1	0.794564
1	0.762526
1	0.475132
1	0.61383
1	0.805842
1	0.450105
1	0.62961
1	0.434466
1	0.60275
1	0.654431
1	0.511613
1	0.638038
1	0.709176
1	0.625601
1	0.615431
1	0.698362
1	0.512905
1	0.589521
1	0.631408
1	0.751926
1	0.321907
1	0.330979
1	0.500641
1	0.519488
1	0.74392
1	0.468977
1	0.334149
1	0.73548
1	0.785703
1	0.762762
1	0.640083
1	0.291896
1	0.715654
1	0.487914
1	0.443832
1	0.696535
1	0.705045
1	0.642371
1	0.472596
1	0.508284
1	0.628177
1	0.76354
1	0.697669
1	0.727555
1	0.729858
1	0.51088
1	0.720006
1	0.640167
1	0.449635
1	0.49917
1	0.684477
1	0.399013
1	0.28295
1	0.544918
1	0.597283
1	0.700335
1	0.69864
1	0.589905
1	0.639363
1	0.440347
1	0.639384
1	0.646578
1	0.757403
1	0.518458
1	0.521681
1	0.420408
1	0.585906
1	0.275242
1	0.668614
1	0.684395
1	0.857754
1	0.818079
1	0.571158
1	0.591268
1	0.566913
1	0.702668
1	0.570596
1	0.545257
1	0.709852
1	0.518126
1	0.930392
1	0.939819
1	0.886637
1	0.834118
1	0.651635
1	0.607134
1	0.644361
1	0.691453
1	0.609246
1	0.686168
1	0.490126
1	0.491969
1	0.431577
1	0.449414
1	0.795813
1	0.590301
1	0.861283
1	0.671948
1	0.644722
1	0.64786
1	0.82265
1	0.71559
1	0.799897
1	0.487213
1	0.585737
1	0.698005
1	0.696591
1	0.740156
1	0.789879
1	0.61725
1	0.699444
1	0.792896
1	0.536454
1	0.592931
1	0.895956
1	0.785695
1	0.698923
1	0.567547
1	0.724301
1	0.501322
1	0.398677
1	0.596307
1	0.603372
1	0.49716
1	0.538504
1	0.491224
1	0.587954
1	0.671311
1	0.793847
1	0.737851
1	0.683535
1	0.603791
1	0.570855
1	0.41602
1	0.453057
1	0.354414
1	0.344816
1	0.526008
1	0.776729
1	0.510635
1	0.704092
1	0.651497
1	0.66444
1	0.865851
1	0.775948
1	0.757747
1	0.655249
1	0.621634
1	0.574444
1	0.858353
1	0.554089
1	0.738877
1	0.578767
1	0.65871
1	0.603205
1	0.624166
1	0.563227
1	0.609964
1	0.751358
1	0.390608
1	0.487252
1	0.44157
1	0.76388
1	0.626815
1	0.646923
1	0.726822
-1	-0.143223
-1	0.199136
-1	0.102711
-1	-0.00389804
-1	0.0323573
-1	0.156804
-1	0.0821851
-1	0.111481
-1	-0.0716504
-1	-0.0263628
-1	0.03616
-1	0.0712768
-1	0.126461
-1	0.0904675
-1	-0.011879
-1	-0.109465
-1	0.0241622
-1	0.118357
-1	-0.0810801
-1	-0.062649
-1	0.0756899
-1	-0.0879828
-1	0.189751
-1	0.172734
-1	0.0584307
-1	0.11963
-1	0.177348
-1	0.0385166
-1	-0.0513993
-1	-0.113515
-1	-0.0298662
-1	-0.0805955
-1	0.173338
-1	-0.172485
-1	0.306733
-1	0.0609302
-1	-0.0806124
-1	-0.0160982
-1	-0.0184517
-1	0.163373
-1	0.178665
-1	0.0692955
-1	0.0917282
-1	0.111787
-1	0.0423452
-1	0.164317
-1	0.0129369
-1	-0.0304285
-1	0.0985289
-1	-0.113859
-1	0.111864
-1	-0.0348727
-1	-0.0641564
-1	0.074954
-1	-0.00883956
-1	-0.0371627
-1	-0.0346247
-1	-0.043212
-1	0.0601328
-1	0.0499222
-1	-0.0402025
-1	0.0123779
-1	-0.13952
-1	-0.00673578
-1	0.0388582
-1	-0.0430273
-1	0.033276
-1	0.135891
-1	-0.0353895
-1	0.182525
-1	-0.119376
-1	0.0396753
-1	0.0474864
-1	-0.117544
-1	0.0279982
-1	-0.00318771
-1	0.0741885
-1	0.114505
-1	0.0135386
-1	-0.012617
-1	-0.123167
-1	0.0463047
-1	-0.0766839
-1	-0.0254208
-1	-0.0579405
-1	0.0523463
-1	0.0600434
-1	0.196889
-1	-0.0162026
-1	-0.0516091
-1	0.13075
-1	-0.139446
-1	-0.0715318
-1	0.155565
-1	0.149457
-1	0.130276
-1	-0.0314617
-1	-0.0516646
-1	0.15294
-1	-0.138512
-1	-0.152301
-1	-0.032095
-1	0.0316499
-1	0.0146164
-1	0.0211914
-1	-0.0775335
-1	0.0429765
-1	0.0673327
-1	0.00288679
-1	0.10836
-1	-0.207125
-1	-0.180973
-1	0.148295
-1	-0.164932
-1	-0.103893
-1	-0.0522464
-1	0.16319
-1	0.0742505
-1	0.121668
-1	0.11711
-1	0.0247036
-1	0.143226
-1	-0.0742416
-1	-0.126245
-1	0.0598423
-1	0.0126285
-1	-0.0263631
-1	0.0817762
-1	-0.100287
-1	0.0143753
-1	0.148648
-1	0.223614
-1	0.114282
-1	-0.00420598
-1	-0.128696
-1	0.0645248
-1	-0.153055
-1	-0.147619
-1	0.0308481
-1	0.0927866
-1	-0.00719981
-1	-0.159074
-1	0.061413
-1	0.0105497
-1	0.0901617
-1	0.0447598
-1	0.01151
-1	-0.0845115
-1	-0.0644724
-1	0.0375921
-1	-0.106924
-1	0.0559296
-1	0.166906
-1	0.0149217
-1	0.16898
-1	0.0166357
-1	0.065275
-1	0.0217465
-1	0.00641078
-1	0.0245033
-1	0.0680436
-1	-0.0571098
-1	0.0593304
-1	0.0737457
-1	-0.0304198
-1	-0.0417679
-1	-0.0197355
-1	-0.0453461
-1	-0.211173
-1	-0.000707183
-1	-0.0228116
-1	0.0917524
-1	0.00190009
-1	-0.0945233
-1	-0.00975725
-1	-0.0896833
-1	-0.0829451
-1	0.0531186
-1	0.136462
-1	-0.136199
-1	0.0843325
-1	0.0280194
-1	-0.102272
-1	-0.0732039
-1	-0.0680929
-1	-0.00606191
-1	-0.110074
-1	0.00149412
-1	0.0150666
-1	0.00323686
-1	-0.0723203
-1	0.117006
-1	-0.0417051
-1	-0.198092
-1	0.195536
-1	0.162771
-1	-0.0387361
-1	-0.16542
-1	-0.057474
-1	0.0699129
-1	0.121932
-1	0.055287
-1	0.214843
-1	-0.0622466
-1	0.00952354
-1	-0.0517566
-1	0.0543417
-1	-0.000963825
-1	-0.0207829
-1	0.124644
-1	-0.10353
-1	-0.144014
-1	-0.206239
-1	-0.103814
-1	0.0014051
-1	0.0276322
-1	-0.0228769
-1	-0.0440792
-1	-0.00646596
-1	0.0616599
-1	-0.0837587
-1	0.182526
-1	0.193868
-1	0.0837773
-1	0.0645272
-1	-0.124119
-1	-0.0244635
-1	0.118035
-1	0.120554
-1	-0.0627991
-1	-0.143437
-1	0.119116
-1	0.112246
-1	-0.0851691
-1	0.0615132
-1	0.0429222
-1	0.0663465
-1	0.141449
-1	-0.17248
-1	-0.0669048
-1	-0.164892
-1	0.131713
-1	0.0181017
-1	0.249114
-1	-0.0664125
-1	0.0770844
-1	-0.0254294
-1	-0.181519
-1	-0.208405
-1	-0.0899503
-1	-0.0299134
-1	-0.0873716
-1	0.130739
-1	0.185393
-1	0.0253634
-1	0.0693189
-1	0.0406288
-1	-0.0282952
-1	0.269053
-1	0.047175
-1	-0.0743757
-1	0.179186
-1	-0.063513
-1	0.0750573
-1	0.0197085
-1	-0.0301706
-1	-0.155587
-1	0.118413
-1	0.159875
-1	-0.0741102
-1	0.166368
-1	0.0607211
-1	0.0962105
-1	0.00653274
-1	0.172866
-1	0.175328
-1	-0.0606303
-1	0.116321
-1	-0.0339698
-1	0.0524429
-1	0.105366
-1	-0.0629197
-1	-0.0539441
-1	-0.0844447
-1	-0.0447825
-1	-0.0337563
-1	-0.00769799
-1	0.0319424
-1	0.087052
-1	0.148653
-1	-0.226513
-1	0.0486739
-1	-0.0461049
-1	-0.0128176
-1	0.0494116
-1	0.163448
-1	0.0726309
-1	0.177241
-1	0.00503587
-1	0.132766
1	0.318153
1	0.429945
1	0.643174
1	0.758973
1	0.604026
1	0.590897
1	0.586042
1	0.53072
1	0.576508
1	0.734539
1	0.605783
1	0.647174
1	0.550902
1	0.491273
1	0.542742
1	0.598721
1	0.372177
1	0.768193
1	0.457674
1	0.664529
1	0.595652
1	0.802823
1	0.79528
1	0.70022
1	0.432378
1	0.677803
1	0.6873
1	0.671655
1	0.654813
1	0.456266
1	0.630316
1	0.708209
1	0.76586
1	0.329836
1	0.622864
1	0.750039
1	0.701508
1	0.68037
1	0.718856
1	0.201273
1	0.413933
1	0.119419
1	0.632273
1	0.659244
1	0.749619
1	0.72536
1	0.831204
1	0.23872
1	0.75497
1	0.593758
1	0.631589
1	0.266101
1	0.665528
1	0.569477
1	0.546011
1	0.496657
1	0.742777
1	0.71932
1	0.557732
1	0.889498
1	0.817924
1	0.717075
1	0.58931
1	0.637466
1	0.579121
1	0.792726
1	0.76391
1	0.759441
1	0.738089
1	0.628156
1	0.606049
1	0.660063
1	0.509463
1	0.639492
1	0.597044
1	0.697041
1	0.710611
1	0.783343
1	0.643601
1	0.571339
1	0.724737
1	0.787237
1	0.688168
1	0.823908
1	0.743309
1	0.593494
1	0.576453
1	0.700799
1	0.718677
1	0.58246
1	0.70685
1	0.465397
1	0.798011
1	0.245954
1	0.559222
1	0.764063
1	0.601209
1	0.670382
1	0.577535
1	0.810434
1	0.66343
1	0.637491
1	0.716061
1	0.616401
1	0.704095
1	0.757187
1	0.854027
1	0.759026
1	0.412592
1	0.550564
1	0.459795
1	0.511779
1	0.598321
1	0.651329
1	0.690415
1	0.760074
1	0.632645
1	0.700085
1	0.873166
1	0.705579
1	0.768993
1	0.802177
1	0.757573
1	0.764133
1	0.610438
1	0.798453
1	0.552386
1	0.883284
1	0.748141
1	0.605193
1	0.50509
1	0.701435
1	0.728706
1	0.595714
1	0.423792
1	0.536084
1	0.309718
1	0.655164
1	0.669867
1	0.739591
1	0.718665
1	0.523553
1	0.522432
1	0.62175
1	0.692817
1	0.661933
1	0.741994
1	0.728935
1	0.706421
1	0.70602
1	0.594026
1	0.626177
1	0.627807
1	0.641945
1	0.679326
1	0.670647
1	0.647361
1	0.729499
1	0.748375
1	0.876486
1	0.714828
1	0.572991
1	0.608425
1	0.683779
1	0.488396
1	0.194338
1	0.66854
1	0.636844
1	0.688029
1	0.676093
1	0.733161
1	0.43732
1	0.587806
1	0.752348
1	0.695641
1	0.444014
1	0.690049
1	0.715377
1	0.695627
1	0.456974
1	0.561656
1	0.426765
1	0.639009
1	0.647624
1	0.604436
1	0.782813
1	0.829335
1	0.580272
1	0.510717
1	0.463976
1	0.73859
1	0.451184
1	0.527832
1	0.594152
1	0.682344
1	0.433464
1	0.524052
1	0.300527
1	0.697316
1	0.811537
1	0.425889
1	0.706857
1	0.561367
1	0.584205
1	0.512252
1	0.396849
1	0.683207
1	0.659777
1	0.748719
1	0.730876
1	0.397232
1	0.679071
1	0.623488
1	0.60214
1	0.736433
1	0.494106
1	0.708083
1	0.607566
1	0.670369
1	0.600645
1	0.862955
1	0.677053
1	0.774956
1	0.709012
1	0.712688
1	0.732173
1	0.647057
1	0.614583
1	0.37995
1	0.490262
1	0.533872
1	0.696103
1	0.774601
1	0.746431
1	0.698626
1	0.793388
1	0.596201
1	0.705752
1	0.802433
1	0.808853
1	0.671645
1	0.563428
1	0.684911
1	0.756491
1	0.526615
1	0.440583
1	0.771062
1	0.68519
1	0.671645
1	0.581569
1	0.434761
1	0.525333
1	0.706356
1	0.781641
1	0.822369
1	0.913396
1	0.7606
1	0.559872
1	0.618021
1	0.70569
1	0.807008
1	0.899563
1	0.468631
1	0.751798
1	0.395677
1	0.684016
1	0.559032
1	0.422259
1	0.634873
1	0.676669
1	0.625358
1	0.377284
1	0.161232
1	0.679581
1	0.654478
1	0.560939
1	0.639883
1	0.770293
1	0.482526
1	0.662784
1	0.584554
1	0.570111
1	0.556351
1	0.64787
1	0.50828
1	0.353635
1	0.474153
1	0.567313
1	0.723002
1	0.403984
1	0.449558
1	0.137092
1	0.0653926
1	0.538325
1	0.79534
1	0.669565
1	0.666937
1	0.652264
1	0.682024
1	0.741034
-1	-0.121246
-1	0.163811
-1	0.0756812
-1	0.103916
-1	0.146818
-1	0.0893295
-1	-0.0884084
-1	0.257314
-1	-0.0556137
-1	-0.0393734
-1	0.0373715
-1	0.103728
-1	-0.0197389
-1	0.094112
-1	0.0598527
-1	-0.022771
-1	-0.0795916
-1	0.0523259
-1	-0.0867561
-1	-0.0830822
-1	-0.0473985
-1	-0.00962643
-1	-0.0206995
-1	0.195648
-1	0.0610951
-1	-0.144824
-1	-0.0408912
-1	0.0865785
-1	0.157357
-1	-0.0447952
-1	0.172044
-1	-0.10914
-1	-0.0409976
-1	-0.0642027
-1	0.338343
-1	-0.0253697
-1	-0.0243913
-1	0.0173167
-1	-0.00397835
-1	0.0316813
-1	0.101136
-1	0.10491
-1	0.0654161
-1	0.144715
-1	0.212671
-1	0.0803371
-1	0.0310955
-1	0.0658381
-1	0.210247
-1	0.0124603
-1	0.106023
-1	0.0865529
-1	-0.0382848
-1	-0.189355
-1	0.0229878
-1	-0.127158
-1	-0.015032
-1	0.101046
-1	0.143447
-1	-0.0664445
-1	-0.0512547
-1	-0.0615479
-1	0.125187
-1	0.0665373
-1	0.186253
-1	0.0754114
-1	0.0588651
-1	0.111455
-1	-0.100074
-1	-0.0504719
-1	0.161583
-1	0.0779864
-1	0.0107944
-1	0.0412097
-1	-0.0159414
-1	0.0466753
-1	0.119002
-1	-0.0524894
-1	-0.0596397
-1	0.157429
-1	-0.0869379
-1	-0.0576477
-1	-0.00978105
-1	-0.113329
-1	-0.0749776
-1	-0.0239233
-1	-0.00604781
-1	-0.0367439
-1	0.117924
-1	-0.0956457
-1	-0.0320846
-1	0.15347
-1	0.0149819
-1	-0.0793388
-1	-0.028789
-1	-0.0413198
-1	-0.0459415
-1	-0.0670008
-1	0.040249
-1	-0.00525806
-1	0.0373958
-1	-0.100997
-1	-0.208013
-1	-0.049574
-1	0.191823
-1	0.00153015
-1	-0.0325833
-1	-0.0866495
-1	-0.0359732
-1	0.0966077
-1	0.256476
-1	-0.0598247
-1	0.225598
-1	0.130218
-1	0.112731
-1	0.0268807
-1	0.125573
-1	-0.0163379
-1	0.0189414
-1	-0.0168534
-1	0.0964797
-1	0.02353
-1	0.132614
-1	0.12169
-1	-0.0488076
-1	0.0467355
-1	-0.0338425
-1	-0.000883028
-1	0.141497
-1	-0.0166137
-1	-0.1427
-1	0.0904047
-1	0.0588602
-1	0.032659
-1	0.103684
-1	0.0974213
-1	-0.0662382
-1	0.0179616
-1	0.0536943
-1	0.168665
-1	-0.0296617
-1	0.00477364
-1	0.0403364
-1	0.000212367
-1	0.115836
-1	0.0339423
-1	0.0204418
-1	0.152754
-1	0.189649
-1	0.0528021
-1	0.118342
-1	-0.0297921
-1	0.0911086
-1	0.160953
-1	0.0663238
-1	0.0842479
-1	0.0610324
-1	0.0725203
-1	-0.0113422
-1	-0.116315
-1	-0.0436087
-1	-0.169995
-1	-0.0647159
-1	-0.111483
-1	0.111281
-1	0.0950841
-1	0.0125248
-1	-0.136244
-1	-0.0477588
-1	0.162858
-1	0.144278
-1	-0.151287
-1	-0.0262628
-1	0.0699817
-1	0.139948
-1	0.0613623
-1	0.115956
-1	-0.0463163
-1	0.160496
-1	0.106968
-1	0.0429403
-1	-0.123392
-1	-0.122167
-1	0.145671
-1	-0.0142887
-1	0.0955768
-1	0.154433
-1	0.000511444
-1	0.0066028
-1	-0.0295987
-1	-0.113439
-1	0.184441
-1	0.0313079
-1	-0.102722
-1	-0.128651
-1	0.185687
-1	0.0334109
-1	0.0864314
-1	-0.00597709
-1	0.10242
-1	-0.0177549
-1	0.0709971
-1	0.10337
-1	-0.0114866
-1	-0.0308983
-1	-0.0270506
-1	-0.159908
-1	-0.0220494
-1	-0.0259891
-1	0.116518
-1	0.126706
-1	-0.0188789
-1	-1.26984e-05
-1	0.0206143
-1	0.256225
-1	0.0199343
-1	0.0958729
-1	-0.10097
-1	-0.0164489
-1	-0.0538624
-1	0.104146
-1	0.177699
-1	-0.0960599
-1	0.00693997
-1	0.25546
-1	0.0829846
-1	0.0349234
-1	0.173105
-1	-0.0105441
-1	-0.058643
-1	0.0448972
-1	0.0226729
-1	-0.0497328
-1	0.23614
-1	-0.0422231
-1	0.0838605
-1	0.000256498
-1	0.0892177
-1	-0.126557
-1	0.138567
-1	-0.105116
-1	0.123368
-1	0.152417
-1	0.0738202
-1	0.0228571
-1	-0.0974182
-1	0.120277
-1	0.136164
-1	-0.0105977
-1	-0.107903
-1	-0.0225164
-1	0.0926973
-1	-0.0187168
-1	0.053322
-1	0.139194
-1	0.168112
-1	-0.108751
-1	-0.124274
-1	-0.0598403
-1	-0.0513378
-1	-0.0319585
-1	-0.124025
-1	0.10109
-1	0.0561144
-1	-0.0387862
-1	-0.0274891
-1	0.0965461
-1	0.0785549
-1	0.192316
-1	0.10046
-1	-0.160715
-1	0.126211
-1	-0.10525
-1	0.0229335
-1	0.0426523
-1	0.0656591
-1	0.13781
-1	0.049611
-1	0.122725
-1	-0.0206354
-1	0.0901405
-1	0.0340095
-1	0.0413497
-1	0.0270022
-1	0.104665
-1	-2.31462e-05
-1	0.0339196
-1	0.0905954
-1	0.0837126
-1	0.064008
-1	0.0171255
-1	-0.0198875
-1	-0.0533635
-1	0.0639234
-1	0.0539172
-1	-0.0594193
-1	0.0427285
-1	-0.202776
-1	0.119995
-1	0.0910616
1	0.759476
1	0.712047
1	0.662129
1	0.708017
1	0.63812
1	0.571957
1	0.78077
1	0.548956
1	0.38124
1	0.655071
1	0.484299
1	0.672026
1	0.724174
1	0.698754
1	0.364826
1	0.63653
1	0.404619
1	0.663373
1	0.643929
1	0.497683
1	0.440068
1	0.572666
1	0.510304
1	0.601682
1	0.642922
1	0.488301
1	0.570709
1	0.660303
1	0.573323
1	0.657837
1	0.590029
1	0.686565
1	0.77478
1	0.47971
1	0.625984
1	0.464181
1	0.838134
1	0.472646
1	0.667491
1	0.70874
1	0.723289
1	0.263684
1	0.475641
1	0.591564
1	0.286437
1	0.803249
1	0.826038
1	0.635038
1	0.617403
1	0.538298
1	0.665172
1	0.608971
1	0.762282
1	0.736962
1	0.646468
1	0.605694
1	0.468509
1	0.637363
1	0.65143
1	0.567584
1	0.668553
1	0.400809
1	0.416193
1	0.460174
1	0.442455
1	0.556236
1	0.669971
1	0.495896
1	0.765413
1	0.279574
1	0.455255
1	0.632009
1	0.728472
1	0.587348
1	0.668856
1	0.778636
1	0.386248
1	0.698496
1	0.478594
1	0.521004
1	0.805586
1	0.54606
1	0.663095
1	0.487201
1	0.715884
1	0.648834
1	0.682269
1	0.548523
1	0.807977
1	0.610275
1	0.353716
1	0.398582
1	0.616594
1	0.567484
1	0.727342
1	0.552773
1	0.685561
1	0.617519
1	0.76421
1	0.63995
1	0.685315
1	0.555716
1	0.611948
1	0.450595
1	0.383647
1	0.541327
1	0.502697
1	0.651181
1	0.796193
1	0.494705
1	0.808196
1	0.658634
1	0.597893
1	0.569658
1	0.563028
1	0.631313
1	0.745688
1	0.727196
1	0.671959
1	0.576227
1	0.608936
1	0.502029
1	0.68633
1	0.72939
1	0.335134
1	0.499885
1	0.438834
1	0.738426
1	0.504704
1	0.54563
1	0.614039
1	0.767281
1	0.613952
1	0.767519
1	0.564362
1	0.606477
1	0.64476
1	0.548384
1	0.655177
1	0.354948
1	0.640691
1	0.715281
1	0.757563
1	0.733784
1	0.466245
1	0.671748
1	0.5668
1	0.70848
1	0.713871
1	0.701935
1	0.668441
1	0.492755
1	0.484233
1	0.531545
1	0.265695
1	0.791234
1	0.762183
1	0.766705
1	0.723118
1	0.488203
1	0.475727
1	0.512122
1	0.705253
1	0.598862
1	0.59253
1	0.596987
1	0.631251
1	0.783184
1	0.577929
1	0.77927
1	0.41073
1	0.403686
1	0.402964
1	0.702285
1	0.401184
1	0.672573
1	0.507469
1	0.772952
1	0.705
1	0.621252
1	0.644529
1	0.674369
1	0.620867
1	0.343872
1	0.586112
1	0.542481
1	0.58355
1	0.644047
1	0.66905
1	0.618312
1	0.639938
1	0.586124
1	0.553717
1	0.546504
1	0.647656
1	0.568766
1	0.82747
1	0.73081
1	0.583759
1	0.507184
1	0.586505
1	0.547476
1	0.62044
1	0.542057
1	0.765204
1	0.372071
1	0.409939
1	0.479886
1	0.706682
1	0.528332
1	0.404719
1	0.559496
1	0.721961
1	0.700128
1	0.655813
1	0.554201
1	0.464884
1	0.582176
1	0.720732
1	0.605845
1	0.655139
1	0.392512
1	0.517904
1	0.658157
1	0.675204
1	0.606638
1	0.46741
1	0.513373
1	0.616287
1	0.489118
1	0.418037
1	0.30726
1	0.916888
1	0.585197
1	0.647507
1	0.363848
1	0.484445
1	0.383579
1	0.209259
1	0.67928
1	0.590545
1	0.655952
1	0.708811
1	0.766963
1	0.73213
1	0.778237
1	0.764829
1	0.61742
1	0.731119
1	0.494989
1	0.700286
1	0.760402
1	0.699985
1	0.434633
1	0.784808
1	0.499142
1	0.613218
1	0.651486
1	0.542646
1	0.530235
1	0.618551
1	0.471376
1	0.721722
1	0.634398
1	0.580529
1	0.781414
1	0.736849
1	0.802009
1	0.67084
1	0.564638
1	0.691491
1	0.661156
1	0.614302
1	0.53496
1	0.548163
1	0.494123
1	0.457741
1	0.630824
1	0.601583
1	0.7044
1	0.658901
1	0.849925
1	0.699513
1	0.388318
1	0.747172
1	0.50291
1	0.686877
1	0.415673
1	0.620948
1	0.766624
1	0.715078
1	0.687563
1	0.752011
1	0.684276
1	0.480335
1	0.593618
1	0.578523
1	0.652533
1	0.748335
1	0.671556
-1	-0.0295339
-1	0.0335275
-1	-0.0454104
-1	-0.0129996
-1	-0.0106655
-1	0.0749183
-1	0.182425
-1	0.0987813
-1	0.172144
-1	0.00778943
-1	0.103163
-1	0.0287432
-1	-0.0377324
-1	-0.0939723
-1	0.0269126
-1	0.0243582
-1	-0.105317
-1	-0.0695494
-1	-0.100598
-1	0.156642
-1	-0.0830051
-1	-0.0495108
-1	0.0241951
-1	-0.00443728
-1	0.16823
-1	-0.0253967
-1	-0.122817
-1	0.240776
-1	-0.0862933
-1	0.0418693
-1	0.147226
-1	-0.0266422
-1	-0.0202455
-1	-0.197543
-1	-0.00268255
-1	0.0786841
-1	0.120748
-1	0.0516819
-1	0.0123811
-1	0.0216257
-1	0.0705469
-1	0.083127
-1	-0.0346734
-1	-0.0272678
-1	0.192973
-1	0.192472
-1	-0.114348
-1	0.121247
-1	-0.0549488
-1	0.0961066
-1	-0.102346
-1	0.0583805
-1	0.0965982
-1	-0.0701227
-1	-0.0751446
-1	-0.172287
-1	-0.0455316
-1	0.0707476
-1	0.14795
-1	0.017501
-1	-0.0825743
-1	-0.0269111
-1	-0.0442154
-1	0.00802528
-1	0.0872715
-1	0.241345
-1	0.0930614
-1	0.101808
-1	0.168169
-1	-0.0592616
-1	0.0882332
-1	-0.126857
-1	-0.173039
-1	0.0854334
-1	0.0877531
-1	-0.0873346
-1	-0.136328
-1	-0.0749678
-1	0.185926
-1	0.120935
-1	0.00794251
-1	-0.0762371
-1	0.00216181
-1	-0.0286409
-1	0.240975
-1	-0.163048
-1	-0.0512597
-1	0.00402534
-1	0.0798925
-1	0.00822804
-1	-0.0513072
-1	0.082429
-1	0.020781
-1	-0.0605844
-1	-0.139237
-1	-0.0454161
-1	-0.0713783
-1	-0.0463077
-1	0.0517931
-1	-0.0802301
-1	0.0196382
-1	0.0611643
-1	-0.0561708
-1	0.136151
-1	-0.00252161
-1	0.0822322
-1	0.0127103
-1	0.0451326
-1	0.0736679
-1	0.0784442
-1	-0.0250026
-1	-0.0684134
-1	-0.0191538
-1	-0.101532
-1	-0.0472075
-1	0.00840486
-1	0.093899
-1	0.0382408
-1	-0.0612809
-1	0.127968
-1	0.111901
-1	-0.0118466
-1	-0.0940858
-1	-0.0277317
-1	-0.032006
-1	0.0941478
-1	-0.0497703
-1	-0.0427064
-1	-0.0395921
-1	0.0989929
-1	-0.0486382
-1	0.186174
-1	0.0330568
-1	0.110221
-1	0.0848585
-1	0.0124211
-1	0.00124968
-1	0.0404583
-1	0.208166
-1	0.0021071
-1	-0.216184
-1	0.0298268
-1	0.0566518
-1	0.114768
-1	0.00838088
-1	0.02507
-1	-0.100773
-1	0.0597999
-1	0.238245
-1	-0.10675
-1	0.100535
-1	-0.0914067
-1	-0.0513956
-1	-0.0856507
-1	0.157851
-1	0.0685071
-1	-0.0652271
-1	-0.0565902
-1	0.0782777
-1	-0.0322021
-1	0.0711863
-1	-0.105231
-1	-0.0107651
-1	0.124567
-1	0.19493
-1	0.0207232
-1	0.0218114
-1	-0.112542
-1	0.0487936
-1	0.0576383
-1	-0.0393626
-1	0.0708409
-1	0.161498
-1	-0.0543436
-1	-0.114193
-1	-0.129928
-1	0.0929838
-1	0.114423
-1	0.0531085
-1	0.0562335
-1	-0.099192
-1	-0.0811
-1	0.120536
-1	0.191141
-1	-0.00906128
-1	-0.00850175
-1	0.0924602
-1	0.0950981
-1	0.117657
-1	-0.150276
-1	0.0721103
-1	0.0689536
-1	0.105379
-1	-0.0220326
-1	0.236656
-1	0.0413789
-1	-0.141065
-1	0.168112
-1	-0.0260909
-1	-0.00875604
-1	0.0322325
-1	0.0830494
-1	0.0758037
-1	0.0615025
-1	-0.0553777
-1	0.00731451
-1	0.0212344
-1	0.0473215
-1	0.011168
-1	-0.0285518
-1	0.154476
-1	-0.0897741
-1	-0.0068645
-1	-0.0533548
-1	0.0215113
-1	-0.0713327
-1	-0.026921
-1	-0.0188769
-1	-0.269635
-1	0.150787
-1	0.059393
-1	0.0946946
-1	0.195882
-1	-0.0826526
-1	-0.131418
-1	0.0240039
-1	-0.251518
-1	-0.133855
-1	0.0287057
-1	0.209959
-1	0.041516
-1	0.0646413
-1	-0.0273614
-1	-0.0530557
-1	-0.0251018
-1	-0.0508075
-1	-0.0753327
-1	-0.032305
-1	-0.149716
-1	0.123541
-1	0.013768
-1	0.00554556
-1	0.024987
-1	-0.0559643
-1	0.0247636
-1	-0.0260429
-1	0.00638851
-1	0.185331
-1	0.0682707
-1	-0.0317989
-1	0.0586761
-1	0.161658
-1	0.0373808
-1	0.0438925
-1	-0.0574908
-1	0.148387
-1	0.106329
-1	-0.0419143
-1	-0.0175498
-1	-0.162924
-1	-0.029774
-1	0.0013874
-1	0.106071
-1	0.13032
-1	0.1607
-1	0.234771
-1	0.167847
-1	-0.0331881
-1	0.0894232
-1	0.155711
-1	-0.0699989
-1	-0.00920605
-1	0.000272284
-1	-0.00275518
-1	-0.0679292
-1	-0.0852881
-1	0.0688308
-1	0.0911023
-1	-0.0730881
-1	0.0570064
-1	0.0191005
-1	-0.0796649
-1	-0.0102894
-1	-0.0150319
-1	0.0094752
-1	0.0902019
-1	0.0536149
-1	0.0213408
-1	-0.0090392
-1	0.117455
-1	0.0175099
-1	0.145373
-1	0.0283996
-1	0.0143251
-1	0.0584499
-1	-0.151903
-1	-0.0505293
-1	0.00251134
-1	0.0736749
-1	0.0758789
1	0.641145
1	0.664015
1	0.659972
1	0.73594
1	0.7067
1	0.740217
1	0.654556
1	0.403771
1	0.718824
1	0.679896
1	0.685241
1	0.623727
1	0.703192
1	0.840343
1	0.445844
1	0.621759
1	0.453702
1	0.611219
1	0.457705
1	0.62306
1	0.586852
1	0.650431
1	0.646711
1	0.567656
1	0.664239
1	0.545022
1	0.525896
1	0.801308
1	0.72812
1	0.682273
1	0.759413
1	0.825936
1	0.840769
1	0.496324
1	0.72492
1	0.434753
1	0.607066
1	0.722158
1	0.741527
1	0.687549
1	0.599661
1	0.756069
1	0.760921
1	0.655239
1	0.678474
1	0.67397
1	0.556837
1	0.613962
1	0.639886
1	0.459394
1	0.359045
1	0.540035
1	0.533648
1	0.482056
1	0.543131
1	0.643957
1	0.632178
1	0.597054
1	0.560141
1	0.650147
1	0.523688
1	0.730153
1	0.589159
1	0.731107
1	0.653866
1	0.647729
1	0.659617
1	0.66872
1	0.546124
1	0.403729
1	0.463538
1	0.580833
1	0.346649
1	0.389866
1	0.580365
1	0.757439
1	0.718218
1	0.627654
1	0.651304
1	0.578012
1	0.459346
1	0.408067
1	0.58497
1	0.425449
1	0.554388
1	0.584946
1	0.582505
1	0.641709
1	0.517214
1	0.525921
1	0.664817
1	0.699586
1	0.500028
1	0.560219
1	0.667785
1	0.626411
1	0.69801
1	0.811997
1	0.655057
1	0.487994
1	0.859358
1	0.538244
1	0.493072
1	0.583277
1	0.569873
1	0.478889
1	0.696649
1	0.513438
1	0.473005
1	0.507665
1	0.643445
1	0.772205
1	0.677444
1	0.359622
1	0.776374
1	0.660052
1	0.58771
1	0.448817
1	0.548473
1	0.431886
1	0.762563
1	0.753376
1	0.379513
1	0.574897
1	0.595259
1	0.759361
1	0.599446
1	0.795856
1	0.696881
1	0.584564
1	0.542216
1	0.566904
1	0.603874
1	0.59492
1	0.663186
1	0.825527
1	0.473174
1	0.366024
1	0.79571
1	0.757226
1	0.791837
1	0.647321
1	0.632296
1	0.447312
1	0.542123
1	0.587001
1	0.75714
1	0.666575
1	0.714583
1	0.716401
1	0.662601
1	0.698769
1	0.716242
1	0.633855
1	0.624572
1	0.730163
1	0.705714
1	0.737885
1	0.644981
1	0.69873
1	0.795951
1	0.411103
1	0.50522
1	0.762111
1	0.690167
1	0.59806
1	0.641054
1	0.668457
1	0.798729
1	0.544737
1	0.39078
1	0.624938
1	0.57091
1	0.407905
1	0.661749
1	0.828116
1	0.757825
1	0.712692
1	0.671704
1	0.415559
1	0.420052
1	0.905033
1	0.737264
1	0.583917
1	0.679214
1	0.567587
1	0.716306
1	0.336218
1	0.598729
1	0.693879
1	0.665549
1	0.391946
1	0.491214
1	0.56992
1	0.641256
1	0.692089
1	0.802778
1	0.821949
1	0.724472
1	0.331503
1	0.85135
1	0.525477
1	0.612361
1	0.462896
1	0.565311
1	0.602689
1	0.471539
1	0.516641
1	0.630739
1	0.580483
1	0.519753
1	0.574596
1	0.531681
1	0.778168
1	0.74181
1	0.725648
1	0.622514
1	0.491933
1	0.799701
1	0.733363
1	0.77573
1	0.638671
1	0.233115
1	0.489334
1	0.533665
1	0.588427
1	0.541219
1	0.467318
1	0.830191
1	0.647165
1	0.554095
1	0.530923
1	0.705893
1	0.815136
1	0.658822
1	0.5773
1	0.726957
1	0.638758
1	0.595282
1	0.755434
1	0.334631
1	0.661753
1	0.611337
1	0.428276
1	0.536072
1	0.746126
1	0.625254
1	0.582814
1	0.572572
1	0.459699
1	0.504414
1	0.771806
1	0.719513
1	0.785485
1	0.5645
1	0.494355
1	0.60491
1	0.558215
1	0.558846
1	0.832911
1	0.709882
1	0.797949
1	0.632423
1	0.592882
1	0.654371
1	0.520842
1	0.688145
1	0.547066
1	0.717525
1	0.47559
1	0.733265
1	0.513634
1	0.70687
1	0.774615
1	0.654449
1	0.639115
1	0.69822
1	0.859721
1	0.676272
1	0.604887
1	0.714824
1	0.387812
1	0.705751
1	0.523402
1	0.661099
1	0.520312
1	0.461648
1	0.663616
1	0.818637
1	0.651827
1	0.837824
1	0.573071
1	0.605442
1	0.645663
1	0.689614
1	0.643411
1	0.837019
1	0.619607
1	0.763537
1	0.580576
-1	-0.116095
-1	-0.100186
-1	-0.173622
-1	-0.0783906
-1	-0.0973512
-1	-0.158279
-1	0.114341
-1	-0.0807294
-1	-0.115469
-1	0.0596344
-1	-0.0821187
-1	0.117643
-1	-0.128464
-1	-0.104652
-1	0.0955425
-1	0.0124342
-1	-0.0815329
-1	-0.037779
-1	0.220007
-1	0.0942511
-1	0.0166697
-1	-0.029268
-1	0.114613
-1	0.0658495
-1	-0.07234
-1	0.0555148
-1	0.0496828
-1	0.0350862
-1	0.0427602
-1	-0.0171826
-1	0.153793
-1	-0.117933
-1	0.0845963
-1	-0.00768428
-1	0.0117826
-1	0.00404574
-1	0.231426
-1	0.0536184
-1	-0.0853973
-1	-0.138807
-1	-0.0577355
-1	0.0622759
-1	0.134067
-1	0.0422938
-1	0.02963
-1	0.0587503
-1	0.0484227
-1	-0.0637252
-1	-0.0734662
-1	0.020815
-1	0.0285878
-1	0.160805
-1	-0.0729387
-1	0.0672781
-1	0.11493
-1	-0.0646014
-1	0.259097
-1	-0.0331101
-1	0.147748
-1	0.0513549
-1	-0.0193309
-1	-0.130903
-1	-0.0438055
-1	0.0972147
-1	0.073784
-1	-0.0526794
-1	0.163926
-1	0.0191388
-1	0.134945
-1	0.0663643
-1	0.0262389
-1	0.0724156
-1	0.00585752
-1	0.0155871
-1	0.0100566
-1	0.0789738
-1	0.17085
-1	0.0678307
-1	0.0383739
-1	0.138401
-1	0.163977
-1	0.151382
-1	0.00967892
-1	-0.0904518
-1	0.0112329
-1	0.168421
-1	0.00321972
-1	0.113135
-1	0.121861
-1	0.109191
-1	-0.00811348
-1	-0.0591728
-1	0.239273
-1	-0.0200984
-1	-0.0803655
-1	-0.0377893
-1	0.081648
-1	0.231492
-1	0.0169739
-1	0.147406
-1	-0.0906363
-1	-0.140201
-1	0.134221
-1	-0.113454
-1	0.034041
-1	-0.115123
-1	-0.00381365
-1	-0.13775
-1	0.27847
-1	0.00406316
-1	-0.0620013
-1	0.0725576
-1	-0.0934128
-1	-0.103623
-1	0.175506
-1	0.0804442
-1	0.191391
-1	-0.168187
-1	-0.0176226
-1	-0.0224299
-1	0.181366
-1	0.230587
-1	0.027853
-1	0.0125489
-1	0.0478407
-1	0.0347784
-1	-0.0739349
-1	0.0455235
-1	0.0924961
-1	0.128974
-1	0.00429192
-1	0.0608294
-1	-0.0249454
-1	-0.15476
-1	0.160006
-1	0.0428003
-1	0.0623637
-1	0.117475
-1	-0.00862379
-1	-0.0925529
-1	-0.108225
-1	-0.0096653
-1	-0.0226849
-1	-0.111211
-1	-0.083104
-1	0.0673433
-1	-0.164564
-1	0.12607
-1	-0.0889849
-1	0.0540729
-1	0.0637077
-1	-0.0289301
-1	0.168678
-1	0.0376479
-1	0.0441334
-1	-0.0373107
-1	0.0194907
-1	-0.0145764
-1	0.139645
-1	-0.0195895
-1	0.0239038
-1	0.102546
-1	0.0815606
-1	0.0870455
-1	0.0946802
-1	0.10232
-1	0.0910508
-1	0.172757
-1	-0.119168
-1	0.103795
-1	0.0747883
-1	0.0810474
-1	-0.00988878
-1	-0.0752025
-1	-0.0953983
-1	0.164645
-1	0.127843
-1	-0.0920574
-1	-0.032571
-1	0.116903
-1	-0.0337434
-1	0.128933
-1	-0.0802178
-1	0.0448614
-1	-0.052912
-1	0.0431901
-1	0.153794
-1	-0.14063
-1	0.0455751
-1	0.153379
-1	0.0512368
-1	-0.0133922
-1	0.03034
-1	-0.0339146
-1	-0.0980449
-1	0.0884863
-1	-0.0337388
-1	-0.132306
-1	0.0470375
-1	-0.0175673
-1	0.156499
-1	0.00927878
-1	0.10464
-1	-0.0179246
-1	-0.071328
-1	0.0546188
-1	0.0599803
-1	0.0448404
-1	-0.0342112
-1	0.0384885
-1	0.112675
-1	-0.0458734
-1	-0.0501752
-1	-0.169091
-1	0.0850566
-1	0.116441
-1	-0.0444552
-1	0.22734
-1	0.0255666
-1	0.0297345
-1	0.0923544
-1	-0.00621817
-1	-0.0524195
-1	-0.0341039
-1	0.0921269
-1	-0.159165
-1	-0.133525
-1	-0.0169297
-1	0.0493113
-1	-0.00531073
-1	0.0939841
-1	-0.0674936
-1	0.0551708
-1	-0.0396613
-1	0.0957693
-1	-0.0921003
-1	0.00162232
-1	0.110259
-1	0.166631
-1	0.100026
-1	0.0968827
-1	-0.0586624
-1	0.0149274
-1	0.100104
-1	0.198642
-1	0.090773
-1	0.0642026
-1	0.0793105
-1	0.0397807
-1	0.00897908
-1	0.00404622
-1	-0.00962824
-1	0.0852589
-1	0.13617
-1	0.0322487
-1	-0.0809345
-1	0.00900306
-1	0.000323049
-1	0.133628
-1	0.049363
-1	-0.0255915
-1	0.000477071
-1	0.0701395
-1	0.0617609
-1	-0.048614
-1	-0.0484081
-1	0.113278
-1	0.0524175
-1	0.15419
-1	0.148742
-1	0.0275111
-1	0.00954601
-1	0.057524
-1	-0.0785792
-1	-0.0431179
-1	-0.0320489
-1	0.183643
-1	-0.0748628
-1	-0.106964
-1	-0.078778
-1	-0.0210575
-1	-0.0083309
-1	-0.0132261
-1	0.0153509
-1	0.0578034
-1	-0.113676
-1	0.0138494
-1	0.15445
-1	0.0778234
-1	-0.0698155
-1	-0.00882431
-1	-0.00852185
-1	0.0330552
-1	-0.0880885
-1	0.0753544
-1	0.109932
-1	-0.084374
-1	-0.00328738
-1	-0.124543
-1	0.171723
1	0.845489
1	0.643722
1	0.593312
1	0.663526
1	0.307838
1	0.471068
1	0.642498
1	0.68392
1	0.637141
1	0.841724
1	0.727498
1	0.715023
1	0.791262
1	0.613026
1	0.788229
1	0.752178
1	0.688985
1	0.765032
1	0.643192
1	0.695387
1	0.802216
1	0.835617
1	0.865496
1	0.447727
1	0.602995
1	0.654379
1	0.441442
1	0.646058
1	0.539744
1	0.557734
1	0.607879
1	0.537915
1	0.590596
1	0.666588
1	0.577974
1	0.603029
1	0.71274
1	0.549108
1	0.560059
1	0.692916
1	0.511176
1	0.607615
1	0.543266
1	0.72842
1	0.795954
1	0.557775
1	0.867207
1	0.850898
1	0.708425
1	0.397585
1	0.507322
1	0.802544
1	0.614025
1	0.544139
1	0.391493
1	0.471406
1	0.773956
1	0.580979
1	0.5921
1	0.740857
1	0.632371
1	0.671058
1	0.851684
1	0.74881
1	0.730942
1	0.672075
1	0.759677
1	0.627939
1	0.552885
1	0.446113
1	0.541725
1	0.819199
1	0.553979
1	0.680019
1	0.403778
1	0.655747
1	0.543675
1	0.406491
1	0.803359
1	0.816757
1	0.665471
1	0.586101
1	0.781481
1	0.585081
1	0.522209
1	0.806465
1	0.603157
1	0.571922
1	0.755261
1	0.598812
1	0.511008
1	0.551005
1	0.65266
1	0.605191
1	0.658816
1	0.853241
1	0.677775
1	0.662121
1	0.670024
1	0.673942
1	0.81507
1	0.598982
1	0.705094
1	0.45527
1	0.549562
1	0.662942
1	0.522784
1	0.660475
1	0.667142
1	0.634072
1	0.673685
1	0.604125
1	0.725086
1	0.682241
1	0.84737
1	0.464555
1	0.483478
1	0.818064
1	0.606348
1	0.529839
1	0.668835
1	0.65707
1	0.377734
1	0.534359
1	0.678367
1	0.560051
1	0.770097
1	0.607867
1	0.672512
1	0.533955
1	0.463965
1	0.610221
1	0.683021
1	0.901167
1	0.578558
1	0.692913
1	0.651208
1	0.47484
1	0.657597
1	0.582962
1	0.743043
1	0.619123
1	0.732889
1	0.510481
1	0.482156
1	0.624558
1	0.57326
1	0.591503
1	0.604065
1	0.607973
1	0.859779
1	0.630344
1	0.609619
1	0.803187
1	0.662581
1	0.338315
1	0.802842
1	0.70997
1	0.742704
1	0.810325
1	0.800942
1	0.684365
1	0.719739
1	0.673858
1	0.598433
1	0.715524
1	0.70634
1	0.648052
1	0.685153
1	0.617588
1	0.695876
1	0.755252
1	0.407508
1	0.353958
1	0.593149
1	0.284846
1	0.592862
1	0.514983
1	0.741359
1	0.348499
1	0.682212
1	0.852615
1	0.604568
1	0.670905
1	0.705885
1	0.741069
1	0.64793
1	0.651855
1	0.465454
1	0.628607
1	0.750435
1	0.756406
1	0.779262
1	0.520806
1	0.537563
1	0.642266
1	0.722706
1	0.553353
1	0.645398
1	0.672595
1	0.682159
1	0.561499
1	0.666607
1	0.429344
1	0.571436
1	0.620592
1	0.560601
1	0.637855
1	0.613945
1	0.658898
1	0.584781
1	0.781596
1	0.726658
1	0.623743
1	0.786186
1	0.551454
1	0.673027
1	0.664768
1	0.576218
1	0.663168
1	0.578652
1	0.409898
1	0.763614
1	0.584212
1	0.673726
1	0.595728
1	0.79656
1	0.746662
1	0.692491
1	0.811676
1	0.812331
1	0.763968
1	0.738601
1	0.784987
1	0.601689
1	0.438678
1	0.531071
1	0.48611
1	0.314914
1	0.417304
1	0.697779
1	0.465675
1	0.518985
1	0.478882
1	0.439722
1	0.545834
1	0.496615
1	0.258047
1	0.699557
1	0.634165
1	0.521844
1	0.715998
1	0.761386
1	0.497973
1	0.70957
1	0.529334
1	0.591293
1	0.740517
1	0.587557
1	0.514711
1	0.668669
1	0.671243
1	0.839353
1	0.461689
1	0.526112
1	0.474058
1	0.660721
1	0.706245
1	0.713569
1	0.590531
1	0.703874
1	0.808036
1	0.534568
1	0.485176
1	0.629563
1	0.607126
1	0.771498
1	0.702879
1	0.654734
1	0.658376
1	0.28701
1	0.656717
1	0.503543
1	0.727479
1	0.401656
1	0.803761
1	0.456255
1	0.743625
1	0.40474
1	0.786174
1	0.389675
1	0.7401
1	0.616307
1	0.294706
1	0.480538
1	0.506539
1	0.732011
1	0.681798
1	0.854397
1	0.724104
-1	0.039969
-1	0.114295
-1	0.257798
-1	-0.0227547
-1	-0.0130372
-1	0.0846396
-1	-0.0204074
-1	0.12369
-1	0.0605109
-1	-0.0412142
-1	-0.178801
-1	-0.0310867
-1	0.243074
-1	0.0632432
-1	0.0215688
-1	-0.0932039
-1	-0.082679
-1	0.0707045
-1	-0.00673467
-1	0.057723
-1	0.147123
-1	0.0706586
-1	-0.108034
-1	0.0151692
-1	0.0864434
-1	-0.0522005
-1	0.0410034
-1	0.00658052
-1	-0.0417546
-1	0.0266161
-1	0.0772346
-1	0.131253
-1	-0.162173
-1	0.0300946
-1	0.0139322
-1	-3.99468e-05
-1	-0.0384314
-1	0.0929051
-1	-0.0389077
-1	0.120288
-1	0.074858
-1	-0.0557621
-1	0.143744
-1	0.190726
-1	0.17228
-1	0.20804
-1	0.0531496
-1	-0.0659199
-1	-0.0470242
-1	0.0727173
-1	0.194478
-1	-0.018841
-1	-0.0968769
-1	0.0552877
-1	0.0262267
-1	0.0219162
-1	-0.071374
-1	-0.0192033
-1	0.0151481
-1	-0.0362007
-1	-0.113965
-1	0.139038
-1	0.00148767
-1	-0.0528667
-1	0.0599135
-1	-0.0732977
-1	-0.00755912
-1	-0.050341
-1	0.120175
-1	0.170231
-1	0.000278358
-1	-0.0244993
-1	-0.0281717
-1	-0.101335
-1	0.0822008
-1	0.0869956
-1	0.0743405
-1	-0.137613
-1	0.0836172
-1	0.268316
-1	-0.0394786
-1	0.195853
-1	0.162986
-1	0.0525475
-1	0.00176554
-1	0.0187345
-1	0.0382377
-1	-0.0319652
-1	0.0679056
-1	0.0389409
-1	-0.0624882
-1	0.018284
-1	0.0913264
-1	-0.0425213
-1	0.134505
-1	0.12365
-1	0.0356091
-1	0.0331467
-1	0.0347325
-1	0.0559954
-1	-0.0071578
-1	-0.0327714
-1	-0.144515
-1	0.0969423
-1	0.0364175
-1	0.0288803
-1	-0.215237
-1	-0.0522872
-1	0.134822
-1	-0.0509159
-1	-0.0376532
-1	0.138675
-1	-0.00844497
-1	-0.0838111
-1	0.00515446
-1	0.00332794
-1	0.0950389
-1	-0.0289416
-1	0.00814326
-1	0.291155
-1	0.127326
-1	0.0746661
-1	-0.166935
-1	0.0623468
-1	0.0584498
-1	0.104861
-1	0.0168069
-1	-0.0563221
-1	-0.0124681
-1	0.0837024
-1	0.0432361
-1	0.000245356
-1	0.133027
-1	-0.126543
-1	-0.246689
-1	-0.0561637
-1	-0.177964
-1	0.132347
-1	0.222427
-1	-0.0460909
-1	0.126506
-1	0.0312695
-1	-0.0208347
-1	0.164185
-1	-0.0526476
-1	-0.0138442
-1	0.13549
-1	-0.0760626
-1	-0.133177
-1	-0.0588089
-1	-0.0858632
-1	-0.0715049
-1	0.344904
-1	0.0842456
-1	0.0123465
-1	0.0740047
-1	-0.112316
-1	0.0275837
-1	0.0904807
-1	-0.0310951
-1	-0.102585
-1	0.0350341
-1	-0.0607107
-1	-0.0304557
-1	0.00914935
-1	0.0256307
-1	-0.0421793
-1	-0.075747
-1	-0.0929074
-1	-0.00729739
-1	0.192363
-1	0.191324
-1	-0.00680595
-1	0.00741928
-1	-0.0657537
-1	0.208633
-1	0.0013456
-1	-0.0151629
-1	-0.116137
-1	0.067664
-1	-0.0775493
-1	0.0795098
-1	-0.0727947
-1	-0.0204661
-1	-0.0437233
-1	-0.187858
-1	-0.0644962
-1	0.21534
-1	0.0227476
-1	0.0602137
-1	0.179854
-1	0.0391855
-1	0.0525221
-1	-0.0518233
-1	0.0997114
-1	-0.00640573
-1	-0.0658452
-1	0.147764
-1	0.29367
-1	-0.0494355
-1	-0.241672
-1	-0.00935288
-1	0.0211145
-1	-0.0807167
-1	-0.0196028
-1	0.00781917
-1	0.00617514
-1	-0.0273321
-1	-0.0321459
-1	-0.0841227
-1	0.0257862
-1	-0.0905961
-1	-0.0557846
-1	-0.0514728
-1	0.108484
-1	0.0565363
-1	0.146926
-1	-0.0388713
-1	0.00230462
-1	-0.0546218
-1	-0.0538349
-1	-0.0687552
-1	0.0975865
-1	-0.053786
-1	-0.0758962
-1	-0.0220661
-1	-0.051738
-1	-0.0172038
-1	-0.0217591
-1	-0.0229655
-1	0.0938204
-1	-0.00146502
-1	-0.0143881
-1	0.056168
-1	0.0798856
-1	0.135687
-1	0.146116
-1	0.093712
-1	-0.177241
-1	0.0195052
-1	0.0232256
-1	-0.0684754
-1	-0.0582341
-1	0.125129
-1	0.129898
-1	0.144422
-1	0.259076
-1	0.0807915
-1	-0.0801472
-1	0.229184
-1	0.0623479
-1	0.159716
-1	-0.118554
-1	0.0955251
-1	-0.0526785
-1	-0.102736
-1	-0.00896314
-1	-0.0613253
-1	0.00229348
-1	0.160756
-1	-0.00307095
-1	0.297246
-1	0.0542578
-1	-0.0675351
-1	0.135996
-1	-0.0130916
-1	0.136852
-1	-0.0722971
-1	-0.122051
-1	0.0909652
-1	-0.129362
-1	-0.0842357
-1	0.178284
-1	-0.0575645
-1	-0.0241697
-1	0.0575678
-1	0.0195132
-1	-0.154137
-1	-0.00886546
-1	0.0159558
-1	0.049882
-1	-0.00278721
-1	-0.0536369
-1	0.00709933
-1	-0.00367893
-1	-0.120887
-1	0.00337826
-1	-0.0365242
-1	0.141795
-1	-0.135734
-1	-0.0376652
-1	0.0640032
-1	0.193519
-1	0.000176566
-1	-0.0485061
-1	0.0754033
-1	0.00374587
-1	-0.0308615
-1	0.0937984
-1	0.248971
